/*plant*/
#vars
4
x0=[-0.505,-0.5]
x1=0
t=0
u=0

#dynamics
x1
0.0015 * u - 0.0025 * cos(3 * x0)
1
0

/*model parameters*/
#steps
95
#control steps
1

/*safety-property*/
4
-x0 - 1.2<=0
x0 - 0.6<=0
-x1 - 0.07<=0
x1 - 0.07<=0

/*target-property*/
2
(t>=0):-x0 + 0.2<=0
(t>=0):-x1 + 0.0<=0

/*plant-NN*/
#in-vars
2
x0
x1

#out-vars
1
u

#hid-layers
2
16
16

#act-funcs
relu
relu
linear

#weights
Matrix(((-0.348562848,-1.65240574),
(-0.585713185,0.443186055),
(0.244280583,1.630361),
(-0.0747568176,1.09440908),
(-0.00215941266,-0.00128416671),
(-0.116584891,0.237544793),
(-0.0642279094,0.511934442),
(1.27378234,-0.410054152),
(-0.000556169141,-0.00285606358),
(-0.283901831,-3.52518356),
(-0.00203420024,-0.00227249587),
(-0.055887061,-0.0160068003),
(-0.0297422212,0.745456608),
(0.00117329619,-0.000543001556),
(-0.000569175678,0.00315156854),
(0.000403951183,0.000228270493)))

Matrix(((-0.00523724322,0.00503378156,-0.000691668988,-0.0143404597,-0.00298714016,0.0210825296,0.0735857898,-0.0188938073,-0.00298483674,0.0423756054,-0.000723551621,0.0725170499,-0.073504578,-0.00147583861,0.00326109165,0.000130853499),
(1.18994529,0.123091048,-0.542228307,-1.0206293,0.00175830472,-0.349586781,-0.558596388,-0.133754998,-0.000894186323,1.42948917,0.00318854989,-0.273745511,1.12164911,0.000597657747,0.00122377049,0.00186444362),
(-0.00201827136,0.00305663369,-0.00158354357,-0.00119317093,0.00174738263,0.000419804946,0.000409908338,-0.00236775498,0.000892821495,-0.00335601939,-0.00224410256,0.00237274312,0.00198176341,0.00172085334,-0.00207468744,0.000473936754),
(-0.00161369877,0.000595742259,0.00272481127,0.00018623589,0.00291159927,-0.00331306126,-0.0033549866,-0.00331355054,-0.00199481843,-0.0018283364,-0.00257190448,0.00279023999,0.000771089772,0.00246620755,-0.000504503331,-0.000236012533),
(-0.00115243642,0.00275402987,-0.000577621585,0.00265636775,0.00145588561,0.00207491381,-0.00338377218,-0.0162445348,0.00173966951,6.99978823e-05,-0.00251168234,-0.000276136675,-0.00307035958,0.0017556833,-0.00107821872,-0.00108274301),
(-0.241520076,-0.0318765648,0.181223826,0.31159798,-0.00258607315,0.105335226,0.199925698,0.185166782,-0.00298344885,-0.718476398,3.89716341e-05,0.0848886989,-0.344462627,0.00136319124,0.00204859258,-0.00297193481),
(-0.103974195,-0.0130986514,0.07085044,0.115751077,-0.00330457582,0.0408367383,0.0762724172,0.212494425,-0.00164970663,-0.122831615,-0.00329325585,0.0326113269,-0.123027703,0.00250864418,0.0026154576,-0.000840225188),
(-0.00243150157,0.00211571712,0.000837609027,0.000849064752,-0.00326100173,-0.000771834348,-0.00204217753,0.000473891647,0.00209756903,0.000389933366,0.00308329572,-0.00147485732,0.00288115825,-0.00122045375,0.00277956913,-0.00289335559),
(0.00948428214,-0.000719908698,-0.00265163187,-0.00333251241,-0.00324657879,0.00250219103,-0.00167423611,-0.0125788374,-0.00211003486,-0.00137949388,0.002251475,-6.70831926e-05,-0.00343864002,0.00117550751,0.00111997023,0.00332314047),
(-0.511439082,-0.0629753401,0.414837832,0.648428928,-0.00174678206,0.22301157,0.45928496,0.56977245,0.000959883327,-1.31597974,-0.00333803423,0.175317169,-0.706893801,-0.000338125566,-0.00158161383,-0.00219139958),
(0.00942282931,0.0028904968,-0.000459558235,0.00131390801,0.00247800547,0.000391664527,-0.00218006321,0.00280538365,0.000169801153,0.0344294729,-0.002228681,-0.00333449443,-0.000849474758,-0.000811464848,-0.00170441397,0.00214646546),
(-1.41126611,0.0195659224,0.0735424851,0.0777444989,0.000267267,0.0330201233,0.142975144,-0.860897954,0.00292387432,-1.98652517,-0.00115587521,0.0151685288,-0.0279239585,-0.000613868904,0.00244269659,0.00258079132),
(0.0821864748,0.010840479,-0.178638398,-0.0983961583,0.000363563863,-0.0246242904,0.0630341785,0.216325323,-0.00162918434,0.0550079418,-0.00253978014,0.126367253,-0.0585789579,-0.000678097719,0.00019075476,0.0012968134),
(-0.0260481184,0.0391052943,-0.68549298,-1.22829794,0.00235413507,-0.419126625,-0.819702141,0.562753368,-0.00298740915,2.5717032,0.00213016692,-0.32952905,1.3509377,-0.00125691236,0.00207971859,0.000478317128),
(0.615555135,0.00460010532,-0.571904131,-0.857594119,-0.00258674523,-0.296386651,-0.48877896,-1.23385828,0.00161791534,0.325172116,-0.00106864877,-0.399704101,1.03290054,0.000839148353,0.000498924993,-0.0023334706),
(-0.72977988,-0.0891028918,0.428292341,0.958351782,-0.0015198377,0.32542003,0.558716467,-0.478830637,0.0018733508,-2.3912675,0.00302917801,0.26162307,-1.05204472,-0.000480095073,0.00160467668,-0.000227958648)))

Matrix(((-0.0329849489,0.83524461,-0.000187788824,-0.000157334338,-0.00336449601,0.569718037,0.190104837,0.00106089872,-0.00658504086,1.63385901,-0.0388565278,2.76664811,0.224830815,-1.99009145,-0.337098328,-2.70094654)))

#bias
Vector((-0.19842708,-0.82484856,-0.33017571,-0.13656071,-0.00331553,-0.16418985,-0.12052034,1.04113267,-0.00151116,0.18731697,-0.00273092,-0.51978225,-0.09866906,-0.00142052,-0.0014607,-0.00254644))

Vector((0.131573986,0.0611254651,0.000432920216,-0.00129211182,-0.000151416872,0.0736684685,-0.0350503586,-0.00267816287,-0.00693123059,-0.0156053484,0.129431622,1.03422374,0.0946628441,-0.636501886,0.446348738,0.574399455))

Vector((-0.30043814))

/*print*/
0
x0
x1
u

/*print-remainder*/
OFF
