/*plant*/
#vars
7
x0=1.3
x1=1.3
x2=1.3
x3=1.3
t=0
u0=0
u1=0

#dynamics
x2
x3
cos(x0 - x1)*((x2*x2)*sin(x0 - x1) - cos(x0 - x1)*(2*sin(x0) - x3*x3*sin(x0 - x1)/2+4*u0)+2*sin(x1)+8*u1)/((cos(x0 - x1)*cos(x0 - x1) - 2)) - x3*x3*sin(x0 - x1)/2+2*sin(x0)+4*u0
-(x2*x2*sin(x0 - x1) - cos(x0 - x1)*(2*sin(x0) - x3*x3*sin(x0 - x1)/2+4*u0)+2*sin(x1)+8*u1)/(cos(x0 - x1)*cos(x0 - x1)*0.5 - 1)
1
0
0

/*model parameters*/
#steps
20
#control steps
0.05

/*safety-property*/
8
x0 - 2<=0
x1 - 2<=0
x2 - 2<=0
x3 - 2<=0
-x0 - 1.5<=0
-x1 - 1.5<=0
-x2 - 1.5<=0
-x3 - 1.5<=0

/*plant-NN*/
#in-vars
4
x0
x1
x2
x3

#out-vars
2
u0
u1

#hid-layers
2
25
25

#act-funcs
relu
relu
linear

#weights
Matrix(((-0.34313568,0.17608699,-0.32020548,0.27763388),
(-0.07520098,0.1327158,0.020949436,0.6998402),
(0.16025689,0.46490172,0.019665407,0.33187848),
(-0.36238536,-0.06820137,-0.6577146,-0.008949147),
(-0.39230835,0.32117307,0.301409,-0.062194772),
(-0.19429038,-0.45928934,-0.35780996,-0.14636478),
(-0.8554773,0.087776795,-0.1330673,0.009789069),
(0.0155200185,-0.20127334,-0.16799738,-0.04827536),
(-0.36456385,0.4266751,-0.59721255,0.6410566),
(0.33869994,0.030719537,-0.114297286,0.019923918),
(-0.31139728,0.53856313,-0.06436992,-0.24278268),
(-0.4587156,-0.0464879,-0.43989637,-0.20005564),
(-0.31810096,0.18750092,0.5234542,-0.4132873),
(0.31107676,-0.42146972,0.37144336,-0.51386166),
(0.18803686,0.27937487,0.54554373,0.098498955),
(0.37332484,0.12849964,0.4075194,-0.12705638),
(-0.032495774,-0.26784253,0.24607317,-0.62423766),
(-0.7270158,-0.37827832,-0.6447146,-0.3356732),
(-0.38239288,-0.507894,-0.064428404,-0.40373075),
(0.4748571,-0.5020943,-0.25594947,-0.109990016),
(0.70836824,-0.09000693,0.46370444,0.12592378),
(0.23127352,-0.16520794,0.70806617,0.26932403),
(0.27678597,-0.01714783,0.06703941,-0.17247894),
(-0.57733107,0.4293611,-0.031451184,0.11691802),
(-0.004628894,-0.25263423,0.5490279,0.04384385)))

Matrix(((-0.13989678,0.08530018,-0.07580375,-0.17946775,-0.091659814,-0.12941107,-0.19953828,-0.32842425,-0.007894344,-0.30382,0.21000703,-0.34611526,-0.2553118,0.13489226,-0.30185702,-0.24896963,-0.012594074,0.26938277,-0.34396043,0.30039927,-0.3271917,-0.3161103,0.20131904,-0.17141679,0.17942059),
(0.1041406,0.36268163,-0.22015451,0.31610355,0.0627668,0.22757508,0.2632134,0.19337672,0.15283899,0.35955364,0.2957979,0.25841594,0.06965146,0.3288974,0.24312602,0.14917277,-0.06179506,0.34589103,-0.009949557,0.35477385,0.02285206,0.2950866,-0.3322838,-0.1895826,0.2284),
(0.07707029,0.21177867,-0.12155875,-0.20811886,-0.33734724,0.30677325,0.022117764,0.06580054,0.19962043,-0.21886057,0.11039184,-0.3345393,0.022162076,0.11627188,-0.118316345,-0.3493471,-0.15682454,-0.34172612,0.03424954,-0.15700617,0.08383173,0.24910277,0.22065188,-0.066726655,-0.20732254),
(-0.26475292,0.2824718,-0.04656143,0.12314137,-0.10742179,-0.28359333,0.27177313,0.07172418,-0.31682664,-0.13758418,0.21133734,0.072395615,-0.2796786,-0.2196877,0.29993135,-0.13753581,-0.32275707,0.036276937,0.2951261,-0.22903584,0.16103157,-0.21238148,-0.1858215,-0.13775033,-0.11817127),
(-0.4133527,0.117551774,0.0068500573,-0.019372962,0.07633579,-0.0067138355,0.12034569,-0.21106261,-0.27038118,-0.13927868,0.15655872,0.09071129,-0.21923502,0.19796605,0.21225636,0.055991393,0.08262348,-0.34912384,-0.09988958,0.2873214,0.08304677,-0.16782422,-0.007962865,-0.3526484,-0.20779474),
(0.4686221,0.08381224,-0.11431498,0.21560352,0.20368329,0.2217623,0.31660113,0.2670842,0.14120537,-0.18333562,0.35963953,0.31406128,-0.15900646,0.19453622,-0.07552911,0.24594234,0.3125249,0.23188443,-0.06400314,-0.065518185,-0.4118164,-0.2183357,0.0901984,-0.21503524,0.25082758),
(-0.0508653,0.3394859,0.17689103,0.2537548,0.30473274,-0.33590195,0.30611897,-0.110555165,0.20814773,0.05359952,-0.047026873,0.21325338,0.030368548,-0.44658408,0.08161903,-0.10619041,-0.31959233,0.38091642,-0.18907422,0.22180979,0.11582196,-0.11083599,-0.071117975,0.5485921,-0.30153483),
(-0.3160232,0.23911819,0.10271052,0.24134932,-0.14296277,0.19907284,0.18599764,0.17523032,-0.24827339,0.0818989,-0.2668927,0.052462973,-0.050366126,0.6643401,-0.35226387,-0.2421914,0.031913802,0.244714,0.28361776,0.020954926,0.51492864,-0.20055276,0.11078025,-0.36778852,-0.2763777),
(0.24488872,-0.13432327,0.15655228,0.39887246,-0.10352518,0.12204548,0.41195148,-0.055823456,0.25806028,-0.11520431,0.085736714,-0.1758329,-0.32381597,0.24357322,0.45338,-0.2947975,-0.13743375,0.39888412,-0.2757305,0.66535556,-0.013587531,0.26254487,0.113268286,0.15209454,-0.12127569),
(0.22109087,-0.23328139,0.061330877,-0.024727738,-0.267564,0.10909589,0.2217786,-0.07795466,-0.15173645,-0.23003402,-0.285444,-0.30808035,0.13539411,0.08525555,0.07668517,-0.1967706,0.024975292,0.09001338,0.01679802,-0.30187422,0.2372788,-0.024838746,-0.17275436,0.10247682,-0.09233366),
(-0.07267115,0.09345158,0.0986248,0.24126641,0.42726362,-0.028805217,0.13040084,0.12124788,0.07381636,0.2696407,-0.10029507,-0.25074565,-0.2525683,-0.31374803,0.28039747,0.2685199,-0.3818758,0.01969608,-0.41232193,0.3593684,0.45844167,0.31990677,0.32156745,0.09309029,0.28925788),
(-0.07197463,-0.3494334,0.07236083,0.19065964,-0.03454563,0.4123421,0.019882634,0.23982249,0.03861361,-0.22366619,0.14018936,0.43808445,0.4192033,0.24421261,0.29367355,-0.3608206,-0.011644711,-0.21646546,0.18967919,0.06460336,-0.1290297,-0.31664652,-0.2699727,-0.053068787,0.17964219),
(0.12286278,0.075851634,-0.28469956,0.102280706,-0.16822211,-0.20227233,0.18122502,-0.31381312,-0.14590067,-0.32636884,-0.14639063,-0.10525707,0.22582188,-0.021936717,-0.3231409,0.18335578,-0.12334211,-0.1262475,0.216056,-0.009019715,-0.08087906,-0.027918125,0.024913847,0.10738981,0.116236925),
(-0.32515365,-0.3091337,0.09554627,-0.11864181,-0.18048164,0.05781269,-0.34173015,-0.12313599,-0.17653477,-0.18551174,-0.024896136,-0.013135595,0.04877236,-0.18011901,-0.05447127,-0.23262577,0.00800977,-0.22363648,-0.31649563,0.24380744,0.18491559,-0.3271587,-0.23454607,0.044665404,-0.076836325),
(-0.09914046,0.29147115,0.3740185,-0.2891263,0.22796388,0.038615834,0.18679316,0.08817963,-0.18345039,-0.1960527,0.40524483,-0.53158045,0.08397523,0.054082666,0.34566993,-0.027222143,0.033072192,0.037424564,0.26849324,-0.19753562,0.80640155,-0.22245646,0.080447495,-0.12964503,0.08885707),
(0.16507162,-0.12553096,-0.27518514,-0.05230393,-0.013308603,-0.32771888,-0.2660541,-0.21891557,-0.0059048277,-0.11392905,-0.27020395,0.090729,-0.331993,0.2606468,0.14828369,-0.17958951,-0.14178988,-0.19825645,0.114784874,0.23009722,-0.29592615,0.08710491,-0.083526894,0.26942998,0.1954694),
(-0.39705664,-0.32862937,0.26146644,0.13659123,-0.1264466,0.3431475,0.12279577,0.03969917,0.12854484,-0.17060901,0.4031435,-0.50302774,0.31335294,0.56936014,0.23424128,0.36731812,-0.008613418,0.31635582,-0.41258433,0.29539025,0.15634742,0.320552,0.17687513,-0.07873894,-0.076074),
(0.17830378,0.5057578,-0.0021898954,-0.021874059,0.5404849,0.21209958,0.12010089,-0.8906864,0.25314224,-0.18551935,0.43175924,0.01515242,0.36268273,0.23598094,-0.047226347,-0.032227915,-0.43737298,-0.2221698,0.22513792,-0.093310565,-0.4447118,-0.07327741,0.40527874,-0.08321512,0.30582082),
(-0.41634127,0.20487624,0.09346591,-0.14701954,0.20131066,0.17010334,0.10194171,-0.23051772,-0.16650578,-0.03277115,-0.5374162,-0.3446948,-0.22605214,-0.26639536,-0.031737972,0.26549932,0.13492131,-0.1154001,-0.18259092,-0.23656431,0.18638873,-0.0424942,-0.28048268,-0.15205081,0.19923909),
(0.6014588,-0.975608,0.27349967,0.44027954,0.69019854,0.21074457,-0.8500051,-0.030564515,0.31047663,0.19396968,0.08901376,-0.4714067,-0.30155784,1.2001824,0.027616868,-0.15479903,-0.8427199,-0.4653428,0.38680014,-0.4017588,0.1440704,-0.26292196,0.018693728,0.31261846,0.001864898),
(0.083482206,0.25759676,-0.15482584,0.2549225,-0.25399426,0.20355658,0.19562216,-0.28533578,-0.20354368,-0.0501379,-0.2890457,-0.022862425,0.27616146,0.21015427,0.2965682,0.0011331186,-0.01728146,-0.21133552,-0.19626911,-0.12893611,0.12196685,-0.2646574,0.2172065,-0.0792673,0.0013584553),
(0.17269234,0.048538428,0.36637494,-0.07458699,0.0546683,0.04369782,0.19781227,-0.10860649,0.20261842,-0.14750378,0.31681767,-0.08254931,-0.2971094,0.007378231,-0.209034,0.23996219,-0.29214495,0.4449337,-0.56596786,0.5744724,0.09196431,0.21033685,-0.15153323,-0.0073868264,0.11432196),
(-0.12844755,-0.1513667,-0.25737667,-0.11708762,-0.063739136,0.16646282,0.31491,0.34942898,0.21314262,-0.037497498,0.42558628,0.091060095,0.095500864,0.34272644,0.18100329,0.18192771,0.5130799,-0.34563202,0.5066833,0.08079566,-0.15891187,-0.4442833,0.24326211,-0.11658776,0.5326082),
(0.016946621,0.28416094,0.12605183,0.28749236,-0.24388424,0.08075927,-0.8771706,-0.007638041,0.21449736,-0.35380942,0.5036604,-0.0100435605,0.37737158,-0.32447895,0.17998111,0.3146148,0.016545799,-0.049810134,-0.10622507,-0.2718016,-0.5131303,-0.20920113,-0.2829192,0.23051062,-0.58139074),
(-0.0921514,0.3337768,-0.18189482,-0.3154684,-0.323229,-0.33429548,0.22966732,-0.038243894,-0.18449427,0.2857586,-0.029721715,-0.070521474,0.27150446,0.09047765,0.25869614,-0.28950343,0.03427995,-0.21225187,0.059688356,0.06324306,0.13085525,0.21734153,0.28528082,-0.1414794,-0.08119455)))

Matrix(((0.32572022,0.3455292,0.37909302,-0.023780473,0.41530314,0.53753763,0.20561548,-0.15415458,0.1342218,-0.1631175,-0.1764854,0.12460979,-0.37713805,0.30123213,-0.55484056,-0.0013776665,-0.34006485,-0.018350165,-0.3011894,0.03981674,0.17807278,-0.02360711,-0.067473724,-0.26129916,0.4411748),
(-0.20917055,0.36490807,0.118733965,-0.01853585,0.40869015,0.4179119,-0.45455208,0.5049213,-0.32974353,-0.4119595,-0.24731253,0.1570158,-0.296106,0.40444812,-0.09036248,-0.10686165,-0.38577926,0.43218,0.115767695,-0.55330426,-0.04458761,-0.46963808,0.16471697,0.334685,-0.09867093)))

#bias
Vector((0.097540826,-0.016560761,0.09880977,0.06605495,0.052027907,-0.099934235,-0.018343003,0.09175116,0.08019755,-0.089546666,-0.123600125,0.14692847,-0.05878385,-0.0036797156,-0.087905295,-0.0016088145,0.13250326,0.01847926,-0.01331441,-0.105397426,0.14036834,-0.020415027,-0.02188062,0.125003,0.055501908))

Vector((-0.019672152,0.035591837,-0.026199318,-0.045667358,-0.07041526,0.07700645,0.047809508,0.055835698,-0.027968861,-0.0650413,0.0639468,0.038402844,-0.05675391,-0.09036414,0.09547471,-0.039472505,0.065249,-0.035881624,-0.014332064,-0.03945458,-0.049177695,0.03391277,0.015955754,-0.044798207,-0.051148932))

Vector((-0.0731925,-0.025033364))

/*print*/
0
x0
x1
x2
x3

/*print-remainder*/
OFF
