/*plant*/
#vars
10
x0=30
x1=1.4
x2=[90,110]
x3=[10,11]
x4=[32,32.2]
x5=[30,30.2]
x6=0
x7=0
t=0
u0=0

#dynamics
0
0
x4
x5
x6
x7
- 4 - 2 * x6 - 0.0001 * x4^2
2 * u0 - 2 * x7 - 0.0001 * x5^2
1
0


/*model parameters*/
#steps
50
#control steps
0.1

/*safety-property*/
1
-x2+x3+10+x1*x5<=0

/*plant-NN*/
#in-vars
6
x0
x1
x5
x4
x3
x2

#out-vars
1
u0

#hid-layers
4
5
20
20
20

#act-funcs
linear
relu
relu
relu
linear

#weights
Matrix(((1,0,0,0,0,0),
(0,1,0,0,0,0),
(0,0,0,0,0,1),
(0,0,1,-1,0,0),
(0,0,0,0,1,-1)))

Matrix((( 0.46682411,-0.64060268,-0.23971239,0.0573205,-0.07522759),
(-0.30557514,-0.58983944,0.37608993,0.55617893,-0.5686138),
(-0.09117908,0.7196556,0.1318527,-0.13162644,0.06238488),
(-0.35908673,-0.73058176,0.8551834,-0.6010148,0.99994179),
(0.54378121,0.28249814,0.74003987,-0.17044003,0.07233994),
(0.02921344,-0.14888646,0.52439877,0.36889522,0.72956245),
(0.34677233,0.2353859,0.56718684,-0.34280273,-0.94477718),
(-0.55876158,0.45919945,-0.18228835,0.5472914,-0.75716011),
(0.19196281,-0.38356202,0.60375408,-0.63966245,0.21704814),
(0.72673846,-0.91626125,-0.13481688,-1.06587422,-0.97545127)
(0.62334143,0.66229766,0.22233756,-0.51700229,-1.9575433),
(0.15559932,-0.25397197,0.4581755,-0.43544392,-0.79380557),
(0.13346187,0.32618018,-0.57684759,0.49524697,0.50789273),
(0.37400264,0.77066185,0.71319568,0.65254039,0.37208332),
(0.20770674,-0.44944465,-0.1138049,-0.64101589,0.53798696),
(0.3472359,0.98625891,0.26658976,0.18896398,0.19547879),
(0.27912333,0.66665507,0.52713842,-0.84812911,0.47373949),
(-0.00830203,0.58513417,-0.07661445,-0.13656131,0.07016259),
(-1.46253838,0.27112707,1.47802764,0.00925775,0.0378495),
(0.27157645,0.09044083,-0.76351709,0.77601412,-0.97749205)))

Matrix(((1.33343908,-1.13718829,0.68328711,0.28315167,0.34745622,-0.45713105,-0.19383721,0.35273104,-1.2201913,0.34525576,-1.32785995,1.00952494,0.24135793,0.4047391,0.18151562,0.82806338,0.90556006,0.73200895,0.35356948,-0.28573578),
(0.63364969,1.81026596,-0.54483694,0.68606616,0.06324242,0.05404143,-1.75474875,0.73761835,-0.08264902,-0.68447452,0.520402,0.85306269,-0.08057829,0.28778809,-0.51570205,-0.70610571,0.91855042,-0.6696817,-0.55938189,-1.99699237),
(0.23647947,0.12149504,-0.0472879,-0.94338851,-0.44240832,-0.69237187,-0.17539753,-0.5996649,0.48039334,-0.3750266,0.38103356,0.37278644,-0.34780532,-0.38360853,-0.97001804,0.52177801,-0.89042116,0.92844918,0.45462824,-0.11448991),
(-0.60634192,0.34254797,1.38202349,-0.32590706,-0.56384678,-0.78193083,1.58191017,0.49354738,-0.51570342,-0.26580771,1.49497364,-0.96156389,-0.93400038,0.5042036,-0.35737511,-0.2148392,-0.02126775,0.63575501,-0.12634824,0.9356742),
(-0.25824118,-0.44010638,-0.1580983,-0.19223579,1.8831993,0.12137074,-1.85900627,-0.69159664,-0.24949273,1.27185481,0.31552001,-0.53468322,-0.87116645,-0.33435364,-0.00834261,0.44068012,0.80853045,0.2911016,0.90095602,-0.28263486),
(0.6555043,0.94621824,0.62189098,-0.32722873,-1.31602491,-0.08814701,0.09541134,0.43983496,-1.07631172,0.25348356,-0.23990181,0.2786162,-1.63272945,0.23070593,-0.53959461,-0.07265277,-0.06526037,-0.84701128,-0.20196838,0.9964223),
(-0.23147523,0.16152099,0.19082009,0.99395703,-0.10420182,0.57746178,0.6760481,0.79330198,-1.23192678,-1.00438175,1.16548255,-1.64667238,-0.39050789,-0.29543124,1.69047065,-0.38532618,0.73177844,1.03231691,0.59567093,-0.33931922),
(-0.94114197,0.24600998,0.31079661,-0.16725483,-0.69666768,0.22521674,0.55420057,-0.51150382,0.09636181,-0.41912388,0.43810517,0.55022069,-0.43417047,0.23572159,-0.59420712,-0.57878918,0.34724088,0.22767216,-1.67969266,0.50234561),
(1.70850287,-0.98371986,0.4187845,-0.39476101,0.6506594,-0.02239197,-1.88094307,0.21212623,0.12745679,-0.87399379,0.06631342,-0.06056406,-0.28998383,-0.01001072,-0.15273404,0.29931709,-1.11975061,-0.87165764,-0.62279538,-0.33204251),
(-0.06026475,-0.03443623,-0.08344353,0.78185636,-0.30101594,0.66009812,-1.23864827,0.63368583,0.57027925,-0.33954294,1.02295288,0.01680226,-0.1694011,-0.05572846,-0.72922596,1.02132143,1.02141759,0.71490489,0.59183504,-1.32616015),
(0.49616059,0.53005862,-0.38235893,-0.17774366,-0.3440119,-0.4932083,-1.72105304,0.11080574,0.31742153,0.12010334,1.17203677,0.62625506,0.81024057,-0.70129515,-0.27937828,0.74239639,0.92447839,-0.3771546,0.34778379,-0.89462872),
(0.67015011,0.12425596,-0.93477829,0.28879907,-0.06480363,-0.1789787,-0.06815916,-0.25847608,0.94543593,-1.25521637,0.41485474,-0.7900457,-0.43328194,-0.03540655,0.55526913,0.20921743,0.80272323,0.62273949,-0.23950436,-0.32539784),
(0.16912411,-0.87641371,-0.130398,1.20756017,0.37824997,1.39491301,1.49459213,0.41053027,-1.43415847,0.2482657,-0.05623845,-0.23379786,-1.57266435,-0.88036488,-0.3194704,1.27233705,-0.61917346,-0.09073831,-0.98432334,-0.42662741),
(-0.6492782,0.27069513,-0.02952659,0.01969254,-0.05574982,-1.18341965,-0.66268295,-0.27484664,-0.39369824,0.73060493,0.36229207,0.17695652,-0.65000437,-0.4859905,-1.29742897,-1.03028016,0.68929307,0.06578946,1.25454823,0.62210455),
(0.84384346,-0.84228096,1.1509486,-0.14094421,-0.36476109,-0.27094261,0.26840103,0.30801158,0.65949101,-0.06468801,0.27249196,-0.62171815,-0.44578764,-1.27225275,0.25128728,-0.50476468,-0.34948414,-0.1378059,-0.2017131,-0.48511215),
(-0.46068634,0.46903326,-0.01689849,0.82595658,0.45002756,-0.76878571,0.48533486,1.39627252,-0.53417724,-0.20826098,0.56402293,0.24951554,-0.55310911,0.67644998,0.71049358,-0.24524348,-0.39103629,0.64177428,-1.38824795,-1.27724474),
(-0.41668534,-0.54401917,-0.88589476,0.5692869,0.23304362,-0.76560002,-0.19350175,-0.41448961,0.7947596,0.42598705,-0.5853214,0.26190355,0.16419242,0.79621942,-0.48572969,-0.55707536,-0.65386599,-0.59592012,-2.41288019,0.61014214),
(-0.46991639,0.99894286,1.09559628,-1.39009851,0.97239193,-0.9912207,-1.03032174,1.58891279,0.80949311,-0.95250781,1.32373664,-0.66550448,-0.23177407,-0.23224479,1.34069046,-0.25059127,0.01303485,0.14747786,0.02256556,0.40046915),
(-0.34211781,-0.29040437,0.10471175,-0.46769408,0.7553189,-0.04209596,-0.53346053,0.82447962,0.95008518,-0.46662668,0.26555888,-0.92545143,-0.88607762,1.05972833,0.50346376,0.3885491,-0.07198641,-0.42985318,0.00807928,2.22077068),
(0.26934703,-0.2891131,0.87419045,-0.28321898,0.16132528,-0.30439844,-0.45454491,-0.71926879,0.27580429,-0.48209986,-0.76460821,1.46908093,-0.96815306,0.87055582,-0.25010679,-0.57769178,-0.74459019,0.04796346,-0.44138491,1.02783798)))
    
Matrix(((-6.57249084e-01,-6.25505186e-01,7.13892579e-01,-3.72370245e-01,-7.97149039e-02,-6.56407477e-01,-2.69004838e-01,-4.63316062e-01,-6.35882061e-02,-4.97638596e-01,-8.59980012e-01,-6.29493341e-01,2.46321880e-01,-6.12435116e-01,-6.79041603e-01,-1.77412724e-01,-6.60669974e-01,3.46783246e-01,-9.87506228e-01,-5.86482076e-01),
(1.44828366e-01,1.42913491e+00,2.99246840e-01,1.03517616e+00,-8.70294145e-01,-5.37700702e-01,1.45666780e+00,5.22551275e-01,-7.29983285e-01,1.14833634e+00,-8.83006531e-01,-6.76150758e-01,1.35852986e+00,-6.63703986e-02,3.07146687e-01,1.01972741e-01,5.07183695e-01,3.29424593e-01,-8.01393094e-01,8.87538514e-01),
(3.75792729e-01,1.33662157e+00,2.39733188e-01,5.82608936e-01,-1.57845877e+00,9.07480915e-01,-3.62210691e-01,4.47331907e-01,2.70546061e-01,5.81438083e-02,3.63955821e-01,-4.66367570e-01,2.41019201e-01,-3.17269003e-01,2.68357613e-01,-2.08803254e-01,1.04305474e-01,-1.56137455e-01,1.52431249e-02,3.89898637e-02),
(-1.01018479e+00,-2.13498639e-01,-4.20344120e-02,3.27251264e-01,2.24421903e-01,-2.70873364e-02,-5.49237098e-02,5.55754502e-01,1.97806092e+00,1.43946911e+00,-6.90129828e-01,7.70563094e-01,-1.92385478e+00,-3.37111123e-01,-4.81491811e-01,-8.71811544e-01,-1.95986501e+00,-1.90624343e-01,6.45178069e-02,4.49065644e-02),
(-1.59255837e-01,7.21760277e-01,1.10907513e+00,-1.91985027e-01,6.91526898e-01,-3.85851395e-01,-2.07190104e-01,7.17397588e-01,-1.05160212e+00,8.70390015e-01,-1.20368221e+00,1.83601931e-01,4.73765003e-01,1.10857263e+00,-1.39434388e-01,8.38960576e-02,1.21249251e+00,-1.82241061e-01,-4.25576627e-01,-9.12631057e-02),
(-1.72934393e+00,-7.53305320e-01,6.32922052e-01,-1.50385773e-01,-2.82384272e-01,1.65473832e-01,7.14851985e-01,1.59252401e-01,1.24249709e-01,-6.79729633e-02,-9.16859204e-01,1.00741182e+00,6.32692976e-02,-3.61344587e-01,-9.83503910e-01,-5.25016371e-02,1.84330266e+00,4.76466494e-01,3.35753990e-02,3.53789459e-01),
(-8.52910747e-01,5.58089206e-01,-1.04698234e+00,3.27951343e-01,-7.00902305e-01,-5.99858915e-01,-1.03806898e+00,-1.74131080e-01,5.97894612e-02,1.88788162e-01,-4.07623586e-01,-9.88885068e-01,5.67365650e-01,-2.92293070e-01,-2.83109423e-01,3.82093820e-01,-4.17838469e-01,1.18749358e+00,3.00799403e-01,-5.69673065e-01),
(-1.25917497e+00,9.05562939e-01,-7.25286780e-01,1.38653820e-01,-4.35329795e-01,-5.22269596e-02,1.74771866e-01,-4.80565698e-01,2.32186911e-01,1.17956026e+00,-8.48110485e-01,-6.87426625e-01,9.95821865e-01,8.86892373e-01,8.05091754e-01,3.50499385e-01,2.76229185e-01,-7.03510762e-01,-2.30256490e-01,-2.08899101e-01),
(-4.82367033e-01,8.70124591e-01,-7.13115099e-02,9.30395012e-01,-5.90318594e-01,7.93715740e-01,3.96714964e-01,-6.48226345e-02,-4.00694504e-01,-7.99406685e-01,5.03575888e-01,-3.25820558e-01,4.45685840e-01,1.11322166e+00,-2.22442572e-01,-5.25538485e-01,-4.72252863e-02,-6.47281725e-01,-1.41557129e+00,1.33215416e-03),
(6.54455730e-01,2.59182525e-01,1.76182610e-01,-8.95332560e-01,4.56409403e-01,9.33483333e-01,-1.10457152e+00,-3.96315148e-01,6.39820705e-01,1.30972341e-01,6.90080073e-01,-6.87107478e-01,-1.05269671e+00,-1.41320792e-01,-9.77474838e-01,-2.79980584e-01,3.65239567e-01,7.54262658e-01,9.03100624e-01,-3.35247409e-01),
(1.58851878e+00,2.96700678e-01,3.46128723e-01,5.24029880e-01,-1.10812392e+00,-3.98368868e-01,-3.01301836e-01,-4.58748209e-01,-1.30553331e+00,1.01700503e+00,-1.27815776e+00,-1.07761378e+00,2.23362590e-02,-3.21759817e-01,7.15321244e-01,1.30672469e+00,9.30242931e-01,-7.68571730e-02,-3.04567701e-02,4.08056332e-01),
(2.21291114e+00,-1.26944773e+00,-1.22266069e-01,-8.60300334e-01,-9.62085608e-01,1.30161702e+00,-2.52520636e-01,5.52569744e-01,5.36961292e-01,-2.89475063e-01,-6.35137770e-01,5.73575042e-01,-9.99892353e-02,4.61077653e-02,3.88442650e-01,-1.10222497e+00,5.11125235e-01,-1.47159893e+00,5.20575159e-02,1.29268950e+00),
(-1.04271811e+00,-8.61330322e-01,-2.41725206e-01,-1.62320748e-01,-2.03767287e-01,-1.42206774e+00,1.10031702e+00,3.37690603e-04,-2.60025555e-03,7.15852074e-01,3.05299891e-01,-3.17969097e-01,3.12876424e-01,-1.59573090e-01,-1.43710169e-01,9.61482596e-01,-2.25095275e-02,-1.99908975e+00,-1.92422721e-02,-7.63305480e-01),
(-4.43831192e-01,5.93200963e-01,-7.09552900e-01,-1.03353583e+00,1.21540649e+00,-8.74405548e-01,2.83766595e-01,2.17853173e-01,-1.07365833e-01,2.03848670e-01,1.54375495e-01,2.96696812e-01,-4.05502181e-01,5.32267151e-02,1.73632980e-01,3.32460278e-01,1.06300446e+00,4.84362873e-01,-9.04879265e-01,8.91867891e-01),
(-7.39986844e-01,-1.14061372e+00,9.43018734e-01,9.96508586e-01,3.43987369e-01,-7.82639688e-01,1.39242909e+00,-4.80744965e-01,-6.84315613e-01,-2.11295408e-01,-1.15367623e-01,4.40501519e-02,-8.55471297e-01,-6.30854106e-01,-2.53097931e-02,-7.18158283e-03,6.34118120e-01,-3.14879013e-01,-4.69609443e-01,-3.11498628e-01),
(3.70422506e-01,-7.84554861e-01,-2.79910668e-01,-3.62070663e-01,9.50732840e-01,3.62425990e-01,-4.01655686e-01,4.69652867e-01,-6.83018174e-01,2.51540671e-01,-6.40637677e-01,-1.20638221e+00,-4.36619655e-01,-7.83465028e-01,1.00917437e-01,-9.75792844e-01,9.11887487e-01,-5.83461279e-01,-4.48436074e-01,-8.81217715e-01),
(1.19953190e+00,5.10223256e-01,8.07471871e-01,2.44365100e-01,4.07518047e-01,-8.12457603e-02,4.46505344e-01,-6.05821801e-01,5.66777454e-02,-1.03097291e+00,-6.72720034e-02,3.27265191e-01,1.18634111e+00,5.20430575e-01,4.70163146e-01,-1.78428828e-01,3.50890052e-01,-7.61880169e-01,3.46630192e-01,-9.58162639e-01),
(-1.31175396e+00,1.55971240e+00,-9.30054814e-01,-7.89042957e-01,1.63492269e+00,1.03609384e+00,-4.97489680e-01,9.10450628e-01,-3.66735521e-01,-4.74689540e-01,1.19933877e+00,7.90441916e-02,8.59106855e-01,-1.16370819e+00,-5.61678142e-01,2.19934846e-01,-1.24926419e+00,9.43010346e-01,-4.76001948e-01,5.56033933e-01),
(-6.59868352e-01,3.48492220e-01,-1.18596217e-01,-3.55641429e-01,3.96755086e-01,-3.67299754e-01,-8.38278032e-01,1.07276029e+00,6.61457641e-01,8.67447701e-02,1.82998459e-01,-6.05368598e-01,-4.02395513e-02,9.24302336e-01,4.00444286e-01,-1.09787400e+00,-2.82340183e-02,-3.66137278e-01,-4.34742287e-01,9.88165080e-01),
(-4.80008631e-01,1.02991620e+00,-7.45775736e-01,4.05604468e-01,8.61498305e-02,4.94463935e-01,-6.55474764e-01,-6.20643409e-01,-9.14714471e-01,1.15547660e-01,8.54269245e-01,2.32043835e-01,1.78394416e+00,-1.04534010e+00,-2.42112777e-01,2.43483632e-01,9.38916204e-01,1.74669307e-01,8.83636352e-01,1.50288742e-01)))
     
Matrix(((0.56336356,0.02077886,-0.00882743,-0.02477996,-0.02702552,0.03238036,-0.02550458,0.00487997,-0.00280816,0.02139185,-0.00572312,0.01402419,0.01368348,0.002246 ,-0.00301125,0.02900545,-0.00421861,-0.00452622,0.00655114,-0.01473883)))

#bias
Vector((0,0,0,0,0))

Vector((0.0229921,0.91578331,0.6830304,0.88296711,0.94065482,-0.27174761,-0.35092967,0.5552317,-0.56850014,0.91673165,0.8542432,-0.26324684,-0.30767415,0.3705317,0.43489116,0.59387291,0.18588171,-0.80390227,0.08894817,-0.91160785))

Vector((-0.82248501,-0.47427969,-0.6593712,0.09373701,-0.6307485,-0.02549562,0.45734137,0.93127145,0.6027336,-0.86782512,0.8682161,0.96597814,0.15609814,0.91143444,-0.34187107,0.81104541,-0.98491783,0.00226631,-0.70056043,-0.32336383))

Vector((0.09043658,-0.50260955,0.79541277,-0.84483843,0.65653546,-0.1070924,0.86373771,0.0428166,0.73142591,-0.30280596,-0.2164498,0.27524386,0.78397033,-0.74936451,-0.90314687,-0.20262143,0.21611765,0.87921982,-0.4206973,0.08362798))

Vector((-0.27999499))

/*print*/
0
x0
x1
x5
x2-x3
x4-x5
  
/*print-remainder*/
OFF
