/*plant*/
#vars
7
x0=1.0
x1=1.0
x2=1.0
x3=1.0
t=0
u0=0
u1=0

#dynamics
x2
x3
cos(x0 - x1)*((x2*x2)*sin(x0 - x1) - cos(x0 - x1)*(2*sin(x0) - x3*x3*sin(x0 - x1)/2+4*u0)+2*sin(x1)+8*u1)/((cos(x0 - x1)*cos(x0 - x1) - 2)) - x3*x3*sin(x0 - x1)/2+2*sin(x0)+4*u0
-(x2*x2*sin(x0 - x1) - cos(x0 - x1)*(2*sin(x0) - x3*x3*sin(x0 - x1)/2+4*u0)+2*sin(x1)+8*u1)/(cos(x0 - x1)*cos(x0 - x1)*0.5 - 1)
1
0
0

/*model parameters*/
#steps
20
#control steps
0.02

/*safety-property*/
8
x0 - 1.5<=0
x1 - 1.5<=0
x2 - 1.5<=0
x3 - 1.5<=0
-x0 - 1.5<=0
-x1 - 1.5<=0
-x2 - 1.5<=0
-x3 - 1.5<=0

/*plant-NN*/
#in-vars
4
x0
x1
x2
x3

#out-vars
2
u0
u1

#hid-layers
2
25
25

#act-funcs
relu
relu
linear

#weights
Matrix(((-0.65321743,0.56347877,0.11143174,0.4374528),
(-0.1391653,-0.2747124,-0.30453253,-0.37445506),
(-0.8157318,-0.80160606,-0.06326001,-0.08244971),
(0.21058306,-2.0728257,-0.041411962,0.45585513),
(-0.13610668,-1.2757024,-0.72408456,0.3814555),
(-1.451243,0.44155076,-0.43696377,-0.15127806),
(0.9564083,0.7872146,0.13760087,0.34907824),
(0.0049623717,0.8141355,-0.27888712,0.39848518),
(0.7580585,-1.5629699,0.10995947,0.11834839),
(-0.47205606,-0.6769993,-0.041219898,0.11930885),
(-1.2287748,0.9445264,-0.24356467,0.10124591),
(0.86699075,0.12439443,0.34557876,-0.22081117),
(-0.17207083,-0.45276985,0.1707209,-0.014083258),
(0.85945845,-0.33742413,0.16125123,0.24754141),
(0.20474033,-0.20941246,-0.3417175,-0.7830054),
(0.094953634,-0.5204447,0.033849757,0.010212504),
(0.21600461,-2.7141578,-0.4874787,-0.16733427),
(0.3632648,-0.14623778,0.51307034,-0.34693417),
(-0.38632998,0.4064175,-0.10366702,1.3222029),
(-0.7879591,-0.6120178,-0.7860901,-0.4047234),
(-0.3684769,0.09990986,-0.08277469,0.13027824),
(-1.8068123,0.40541402,-0.064324334,-0.42338026),
(-0.2688065,0.15617858,-0.7018037,0.5605852),
(1.9440895,-1.868766,0.32473198,-0.30235234),
(1.2032881,0.44237512,0.13064614,0.113601886)))

Matrix(((-0.10257851,-0.24838321,-1.1940755,0.32202852,-0.054865174,-0.92652524,0.8626329,-0.3452172,0.37472555,0.1831236,-0.28195646,0.4649097,-0.057917845,-0.51639444,-0.37230998,-0.08184072,-0.59524965,0.46964577,-2.3450356,0.08799692,0.081612475,0.70005155,-0.5781183,-0.18591964,0.084411025),
(0.11913213,-0.30372202,-0.3850102,0.0039898446,0.18770678,-0.31573382,-0.0011040309,-0.2791842,-0.15205112,-0.36622065,-0.34477642,0.012378125,-0.014443184,0.22476676,0.02308133,-0.28371003,0.12536533,-0.27682742,0.114670955,0.17533417,0.07331729,-0.062738314,-0.5095642,-0.37020743,0.0915348),
(0.13344502,-1.0269495,-0.6079635,-0.48779285,-0.09039708,0.32463297,-0.185587,-0.49684432,-0.09698275,-0.48191085,-0.144448,-0.146952,0.0057463693,-0.60529476,-1.9204893,-0.0022767456,-0.006653413,-0.17871244,-0.60231936,-1.0267485,-0.64732474,-0.28146306,-0.5865704,-0.23959234,-0.4886519),
(0.018736968,0.44423336,0.820982,-1.1792212,0.49353346,0.2492366,-2.388598,-0.70643353,0.85253197,0.9054202,0.09119069,-1.8234215,0.120065466,-2.203464,0.18376537,-0.5846637,0.73520684,-2.9446557,-0.10003413,0.3191027,-0.25398055,-0.11769179,-0.27998364,1.0442919,-0.065838434),
(-0.0942875,-0.13608856,-0.089704156,-0.5223359,-0.123755604,0.03936432,-0.23260742,-0.15374044,0.015908606,-0.050656807,-0.16493826,-0.2655433,-0.061575264,-0.066002965,-0.008068116,-0.16622083,0.0006865774,-0.062968016,0.3960614,0.16922806,0.17000793,-0.40184262,-0.21566921,-0.017158175,-0.01037425),
(1.50692,0.21002042,1.6601837,-0.7958127,-0.14218098,-0.33675694,-0.8667321,-0.6185913,-2.548259,-0.8317363,-5.34671,0.3982014,-0.04646861,-0.11517824,-0.83718795,-0.25679523,-2.004689,0.71611875,-0.19095665,0.974196,0.950738,-0.9281078,0.6888166,-2.3925304,-0.7106385),
(-0.22414702,0.36144438,-0.6114205,1.1022408,-0.62317395,0.3958564,-0.1211607,-0.13050008,0.67693174,0.27519348,0.014327534,-0.14648911,0.12093696,-0.3269507,-0.46181104,0.22182836,0.49116313,-0.1832973,-2.5654204,0.46022096,-0.68973446,0.22690116,0.9030054,-4.521279,-0.7887107),
(-0.13071668,0.31099653,-1.6537569,0.4219002,-0.101711996,-0.44904175,0.22040068,-1.4422463,0.28832197,-0.2641408,-1.0783874,0.013437153,-0.3390705,0.12853408,-0.3053759,0.18387775,0.0415031,0.2761446,-0.71068156,0.9808032,0.101224095,0.2840196,-0.30886656,0.45367342,0.0227622),
(0.44243038,-3.1408494,-1.0079186,-1.6403522,-0.5719568,0.70977056,-0.04364057,0.35542,-0.45213592,0.018580731,-0.30203125,-0.16894637,-0.35156497,-0.30185127,-1.3675785,-0.13431843,-1.5366937,-0.4321979,-1.1706482,-1.0582974,0.15805298,-0.44248164,0.32166055,-1.3883961,-0.5158503),
(-0.06041827,-0.82768035,0.14040333,-0.3537922,-0.7381293,0.30595684,-0.239179,0.012842249,-0.034552295,-0.05976799,-0.022894891,-0.33907813,0.3099091,-0.30570734,-0.60104984,-0.44385913,0.4726445,-0.14649335,-0.18888536,0.07189214,-0.047796804,-0.44592443,-0.02212788,-0.2986801,-0.6375742),
(-0.14465088,-0.45744604,0.9866392,0.054602545,-0.5443722,1.1796346,-0.6914184,0.44399655,0.20395465,0.53502834,0.59664875,0.95761895,-0.09327547,-0.78788984,-0.081965305,0.019908572,1.1340116,-0.3203037,-0.26037514,-0.13280626,0.269365,0.26095337,0.5353754,-0.678638,-0.36865014),
(-0.85726964,0.04965815,1.0668863,1.0766833,-2.2811453,-0.80986524,0.6922363,0.12432832,-0.05184792,0.38243514,-1.26043,-1.7728018,-0.10069568,-0.49995348,-3.4826384,0.07200782,-0.9643256,-0.45719925,-1.3609221,-0.47069946,-0.24438453,-3.2539146,-0.39298767,-0.33303759,-2.3693273),
(-0.21886669,0.124221385,0.65631473,-0.067895524,-1.5135231,0.19747625,-0.15295465,-0.079820484,-0.18454237,0.06807254,0.001942243,0.5091843,0.4640617,-0.6740303,0.70725346,-0.27030548,0.616558,0.12395428,-2.602187,0.3931509,-0.058764502,-0.22454058,0.41304955,0.26356816,0.21876405),
(0.34352767,-0.69203955,-1.013168,1.160879,-0.15295805,0.19572355,0.31870693,-0.09880006,0.41668594,0.21244626,0.33126345,-0.03953759,0.019123852,-0.02892778,-0.117361076,-0.109570906,-4.022209,0.16098453,-1.9727091,-0.7289733,-0.30088025,0.2079727,-0.6468046,-0.2651407,-0.13745043),
(0.20931855,-1.0480485,-1.1259409,0.17715387,-0.37882856,0.24644168,0.57313305,0.48386642,0.21195671,-0.38845196,0.16812849,0.12520456,0.2365319,-0.5648901,-0.43061432,0.015300036,0.015801392,0.09410553,-3.1029396,0.40568474,-0.10210111,-0.27434862,0.42305198,-0.069853455,0.16884297),
(-0.3047314,0.21065244,0.011900375,0.34130454,0.10152781,-0.08742965,-0.3313294,0.46655902,-0.78213084,0.25482294,0.24082457,-0.40953693,0.42671207,-0.3021178,0.5406787,0.18824756,0.76677257,0.024834964,1.2423542,1.1877682,-0.20882149,-0.24504137,0.2561402,0.30209905,-0.045242343),
(-0.50036937,0.23183134,-0.8172104,-0.44235724,-0.29615936,0.18930203,0.1950671,0.47877175,0.83625937,-0.18406504,0.12554434,-0.4751134,-0.1094495,-0.19676264,-0.28799802,0.1465454,0.18152425,0.004339065,-1.8494904,-0.28260234,-0.23544352,0.91323376,0.4516637,-1.0289128,-0.17244938),
(-0.28326517,0.4769091,0.07065118,-0.136969,-1.6207254,-2.3755555,0.08533162,-2.0594847,-0.1332769,-0.16982083,-3.0607219,-0.07632225,0.20134123,0.053749155,-0.27504975,0.11381046,-0.03723882,0.112199545,-0.7060252,-0.41311562,0.16815904,-0.50219375,-1.260189,-0.10327407,-0.04227016),
(-0.41049314,0.15426531,0.00031669956,-0.7194157,0.25287196,0.20222493,0.015431125,-0.7609437,1.0392674,-0.42290017,-0.21527465,0.48299417,-0.3453102,-1.4272791,-0.37651852,-0.42723918,-0.004749178,0.70103353,-2.085647,0.12042974,-0.10700003,0.6925744,-0.18981527,0.32743734,0.062712386),
(-0.24657446,-0.51702386,-0.27770862,-0.2999138,-0.07706733,-0.29421976,-0.08719887,-0.02486623,-0.22747712,-0.13818319,-0.4050392,-0.4588374,0.11483011,-0.33570066,-0.2279928,0.20091861,-0.05980586,-0.34365094,-0.16645321,-0.020940192,-0.119555846,0.029925087,-0.16749477,-0.6651999,-0.25280985),
(-1.6242378,-0.01839724,0.59612566,0.014900306,-0.80382234,-0.40124637,0.91099167,0.61384755,-1.2054818,0.08329648,-3.0566413,0.31239164,0.3665549,-1.1863066,-0.32098958,0.047519714,-0.62988204,0.099009,-0.7364816,-0.59059054,-0.5597288,-0.43838862,1.320101,-4.234432,-6.3578925),
(0.07545148,-0.10929176,0.01518487,-0.19422096,0.13894926,-0.16239786,0.004006173,-0.041284446,-0.2582507,0.2176709,-0.4560855,-0.41617867,0.23267934,-0.04028371,-0.4990838,-0.32281083,-0.084442794,-0.4035003,-0.2930953,0.06335148,-0.35126686,-0.15158316,-0.43069196,-0.4916347,-0.48867077),
(0.39731413,-0.541581,0.73435646,0.77264947,1.5225863,-0.798396,-0.4040721,-4.1258593,0.36627534,-0.42733607,-0.48351425,0.5385411,-0.017111043,1.0198033,-0.13239141,0.2264892,0.49514288,1.0931185,-1.1522723,0.26544318,-0.17142595,0.23938328,-1.2593789,-0.06842277,-0.24546853),
(-1.4303808,0.7607485,-0.23817876,1.0167199,0.20674534,-1.1874106,0.20271574,-0.52338237,-0.14746675,-0.1080177,0.2142618,-0.2746329,0.049860943,-0.5269207,-1.0703412,-0.09159696,-2.8051438,-0.5514415,-1.6957897,-0.94322157,-0.24468434,-3.21814,-0.47197297,-0.20468423,-0.33145162),
(0.07028993,-0.65586114,0.033914458,0.72134364,0.0024008665,0.93639296,-1.0394441,0.23261215,0.13434792,-0.21882297,-0.025792632,-1.2981291,-0.16604954,-0.7178786,-0.9002471,0.19812617,-1.1785917,-0.021021923,-2.9717288,0.21008001,-0.19900142,0.54102576,0.49366164,-2.2012227,-0.6424997)))

Matrix(((-0.48292586,0.06047111,0.02364469,0.38087648,-0.32110506,-0.47930813,0.3178911,-0.30591828,-0.11011278,0.11668523,-0.09016321,2.274006,0.04796208,-0.3459119,-0.25153217,0.31471097,0.47862878,0.008856488,-0.18143535,-0.3690609,1.2282404,0.007662698,0.22090879,0.4715686,0.7672547),
(-0.15094295,-0.035306264,0.015387966,0.27162108,-0.27051964,-0.58085006,0.28679055,-0.030195318,-0.5260993,-0.2195527,-0.34578282,1.0616333,0.24262543,-0.23639499,-0.68731797,0.1713125,-0.17235017,0.49812293,0.37648565,0.28722954,1.1454777,0.17160985,0.32568124,0.112481155,0.14659055)))

#bias
Vector((0.07032944,1.2329164,1.2100934,0.8137444,-0.0047800303,0.5503941,0.11128466,-0.098267294,-0.11808427,-0.3656907,-0.13559799,-0.36352175,-0.55360174,-1.3133373,-0.0041279886,-0.31611344,0.13549301,0.19501355,-3.3760831,-0.12817071,-0.98037165,0.5781909,0.0028544765,0.18374573,-0.6240081))

Vector((1.5199981,-0.3013824,0.29733607,0.1522589,-0.12107427,0.29951593,1.2542611,1.1147223,1.52959,-0.20106456,-0.97486854,0.37101004,0.498427,1.3235478,1.4399245,0.50424045,1.155863,0.7090852,1.0783089,-0.21623813,0.7925704,-0.53453636,-0.26614332,1.4526123,-0.4621135))

Vector((-1.0585409,-1.3380529))

/*print*/
0
x0
x1
x2
x3
u0
u1

/*print-remainder*/
OFF
