/*plant*/
#vars
10
x0=30
x1=1.4
x2=[90,95]
x3=[10,11]
x4=[32,32.2]
x5=[30,30.2]
x6=0
x7=0
t=0
u0=0

#dynamics
0
0
x4
x5
x6
x7
- 4 - 2 * x6 - 0.0001 * x4^2
2 * u0 - 2 * x7 - 0.0001 * x5^2
1
0

/*model parameters*/
#steps
50
#control steps
0.1

/*safety-property*/
1
-x2+x3+10+x1*x5<=0

/*plant-NN*/
#in-vars
6
x0
x1
x5
x4
x3
x2

#out-vars
1
u0

#hid-layers
8
5
20
20
20
20
20
20
20

#act-funcs
linear
relu
relu
relu
relu
relu
relu
relu
linear

#weights
Matrix(((1,0,0,0,0,0),
(0,1,0,0,0,0),
(0,0,0,0,0,1),
(0,0,1,-1,0,0),
(0,0,0,0,1,-1)))

Matrix(((0.21283542,-0.39273596,-0.1441523,-0.58889119,-0.03436925),
(-0.0359266,0.34127489,-0.16249575,0.68546423,-0.76852906),
(0.48033948,-0.5959285,-0.19309034,0.11449607,-0.36114369),
(0.21641849,0.94008736,-0.30320533,-0.44570875,0.18120949),
(0.14413107,-0.92063175,-0.40993042,-0.56800939,0.34411307),
(-0.3973287,-0.00295664,0.43090516,-0.67053492,-0.46697124),
(0.17552399,0.27833386,0.67569683,-0.8453483,0.08340678),
(0.61181872,-0.20116027,0.37739747,-0.22875333,0.18594403),
(0.71582623,-0.89752807,-0.71566958,0.05220833,0.25490534),
(0.24439851,0.25124816,0.128028,0.51420821,0.2951166),
(-0.38940837,-0.55984857,0.18512338,0.15592881,-0.56991108),
(0.53435501,0.25074476,-0.46123581,0.16404736,0.67067319),
(-0.59120689,-0.20384707,-0.15831244,-0.48661358,-0.13358033),
(0.42222906,0.58919343,0.51547925,-0.44820132,-0.02840882),
(-0.72764483,0.76631522,-0.26158667,0.26312492,0.90935896),
(0.19440463,0.55525465,0.05850855,-0.27216864,0.74182547),
(-0.66909586,0.41485051,0.36526786,0.06698907,0.49219126),
(0.67780341,-0.1662008,0.00777345,-0.62771185,-0.10179051),
(-0.50919848,0.2945885,0.61642421,-0.05022444,0.56929857),
(-0.66265807,-0.83585747,0.33282635,0.75074131,-0.18510047)))

Matrix(((-0.59671428,-0.47309657,-0.37548628,0.82610715,0.68765325,-0.24823871,-0.62886669,-0.22709277,-0.44841623,-0.31028958,0.86864956,-0.52287326,0.38178707,0.93793784,0.66367739,-0.3996664,-0.93889174,-0.14508059,-0.23328604,-0.49500189),
(-0.6334683,0.92678871,0.05737265,-0.48869445,0.22314385,-0.94217036,-0.07491742,-0.73774262,0.52975317,-0.48642904,0.45009896,0.60298662,-0.84997943,0.90387846,0.44922956,0.27202426,0.26202192,-0.27118539,0.21958667,-0.17044546),
(-0.14454087,0.32652668,-0.95504214,0.68788397,-0.57732167,0.1600337,0.17700707,-0.31529953,0.73127027,-0.1284072,-0.19529275,-0.11108254,-0.20586563,0.84557879,-0.04177784,-0.64570003,0.67659647,-0.86938582,-0.4708426,0.15314161),
(-0.9032112,-0.44989079,0.18652941,0.11480557,-0.68190018,0.46261046,-0.83830148,-0.69654664,0.64580253,-0.36164021,-0.31120263,-0.18197381,0.63165989,0.68391996,-0.57079988,-0.37391492,0.89679406,0.50168282,0.15256067,-0.38598686),
(-0.16693757,0.2233796,0.95624046,0.14526076,0.33880537,0.34038669,0.06832924,0.62650891,0.52745649,0.10605465,-0.71292125,-0.67112954,0.05335563,0.27661501,0.05636067,0.48258752,-0.03455927,-0.26136922,0.10674686,-0.04262196),
(-0.94477447,-0.62101489,-0.03404002,0.65658102,0.36163202,-0.80187876,0.53984314,0.22085169,-0.48120549,-0.39319038,0.12353753,-0.82741858,0.91854687,0.71401947,-0.86250133,0.40984709,-0.86866122,0.26195349,0.85504749,-0.38531451),
(-0.91167275,0.16499736,-0.32843198,0.51845694,-0.30597602,-0.63178553,-0.67700208,0.26386392,0.83550679,0.67400782,-0.62097122,0.60824912,-0.31305045,0.56519883,-0.12365152,0.33580224,0.07818898,0.56674019,0.38237022,0.75745379),
(-0.71361185,0.52121236,0.49130019,-0.14624753,-0.91188347,0.42520009,0.3026107,0.42677333,0.41932358,0.20812231,-0.9247405,0.48844772,0.18346223,0.64321872,-0.15376803,0.7047176,-0.49891266,0.34382497,0.70978542,0.15957554),
(-0.56280905,-0.35704678,-0.83348393,-0.7473888,-0.17920576,0.02857977,0.64437255,0.13664492,0.62182942,0.70965831,0.54926612,0.00974682,-0.61954181,-0.80447,-0.61039855,-0.44666657,-0.44996959,-0.05023122,-0.91348636,-0.39668344),
(0.18357575,-0.84798267,-0.74751904,-0.23707168,-0.13356743,-0.25989287,-0.05593449,-0.27070482,0.53296843,-0.73625981,-0.0428303,0.64478452,-0.32434365,-0.75886261,0.7149059,0.29995836,0.95404815,0.71447561,-0.18121399,0.29314939),
(-0.53655508,0.17421344,-0.10918415,-0.12775839,0.07100529,-0.42336436,-0.99037238,-0.80537368,-0.05248934,-0.7182283,0.45168621,0.25129599,0.99751257,0.01778916,0.69473402,-0.40274425,-0.66936791,-0.84800657,-0.91718702,-0.92941454),
(0.17219176,0.26405398,-0.13510947,0.26567992,0.62382746,-0.57983104,-0.17962785,0.71619231,0.65624553,-0.8849025,-0.80077385,-0.60091523,-0.37294649,-0.76185672,-0.44628909,0.89557378,0.58808839,-0.90249064,0.20145834,0.59697292),
(0.0113592,-0.67520451,0.47809423,-0.72520607,0.95242291,0.83548182,0.82597071,-0.41090939,0.79293378,0.19593387,-0.08866817,-0.96052456,0.75780959,-0.18871369,-0.19357331,0.53687287,-0.33624025,-0.20545559,0.40632669,-1.01124862),
(-0.32398741,0.48814183,0.32666946,0.13077493,-0.23518908,-0.17350318,-0.62307338,0.35961971,-0.8654322,0.15767239,-0.07371331,-0.60377629,0.39533268,-0.19406075,0.74843655,0.67405331,0.02712699,-0.69935568,0.58212222,-0.37172403),
(0.89059055,0.06076333,0.01395975,-0.40667675,-0.54024094,-0.61399538,0.59816346,-0.26700519,0.46934929,-0.12965589,0.63912047,-0.3403412,-0.78436319,-0.28079683,0.66665878,0.39102759,-0.58865835,0.44174127,-0.64491617,0.04178499),
(-0.6463237,-0.47702812,-0.62198262,-0.89868891,0.93691435,0.09862764,-0.33942351,0.29237218,-0.0638489,-0.91817549,0.75494077,0.49708579,-0.02615092,0.94119328,-0.90053192,0.66303578,-0.83065194,-0.98908856,0.33574773,-0.88466202),
(0.70257533,-0.37705673,-0.68606551,-0.72803056,0.35987361,-0.93896721,-0.4368437,-0.47800021,0.18238753,-0.68149764,-0.2973394,0.54596064,0.35381087,0.73898446,-0.5565877,-0.18968496,0.72344063,-0.80755692,-0.38584984,-0.1304814),
(0.49032216,0.47583466,-0.12182363,-0.28323833,0.87995602,-0.01312945,-0.11453059,-0.36898502,0.87855306,0.01504194,-0.37595684,-0.83115695,-0.1886684,0.96530059,-0.81454787,-0.81790377,-0.81443555,-0.06667661,-0.15320219,-0.58707328),
(0.07046361,-0.19423715,-0.05859854,0.18818901,0.20731289,-0.16010609,-0.32345037,0.31979249,0.77020977,0.40537272,-0.45361943,0.57316903,-0.63652072,-0.59669596,0.11680621,-0.61660828,0.58242617,-0.59258791,0.25811811,0.24821096),
(-0.98147281,-0.12655101,0.87308121,-0.30675256,0.18766212,0.51091006,0.91629258,0.71136286,1.09488037,0.5323808,0.18213377,-0.60238941,0.07416318,-0.92420673,0.77783469,0.56529274,-0.15091848,0.76650993,-0.83336676,-0.54671703)))

Matrix(((-0.98861192,0.8518831,0.24815918,0.7472393,0.18357328,-0.04549912,0.59098373,0.74567484,-0.36656351,-0.54216336,-0.21502797,0.65907742,0.40765423,0.35645829,0.24415188,0.29981821,0.76431901,-0.24247692,0.22402622,0.54495221),
(0.31112355,0.34721785,-0.69993371,0.84067639,0.07387378,-0.18018243,-0.03201439,0.90613838,-0.60324087,-0.06171145,-0.86594979,0.41689854,0.33549117,-0.17029477,-0.21445743,-0.28850073,0.69903118,0.44953771,0.25891481,0.76703882),
(-0.40369271,-0.68627806,0.84786017,0.49081437,0.44988757,-0.80727157,-0.78604488,0.22913599,-0.07160576,0.12667318,0.55703777,-0.66206249,0.23901918,0.3735697,-0.82847397,-0.44763512,0.13747944,0.61883341,0.84120225,0.66871772),
(-0.94169554,-0.27318768,-0.86651725,0.2291399,-0.91472805,-0.58707632,0.7513233,0.8861595,0.13057933,0.73641397,0.52861979,0.35921812,-0.2209475,-0.50491654,0.12385342,-0.97371265,-0.07882895,-0.34892247,-0.88139291,0.85127311),
(-0.43109815,-0.46237942,-0.5259088,0.74855807,-0.92004246,0.20636514,-0.04895497,0.7677171,-0.85864019,-0.31574737,0.13705945,-0.85652833,0.29410577,0.08309686,0.58879245,0.71936568,-0.86479,-0.4230076,0.29297719,-0.45757027),
(-0.76092285,-0.48013589,-0.25472553,-0.22082784,0.19749689,0.18313515,0.20556907,-0.20295414,-0.67208892,-0.47721561,0.22892528,0.07872351,-0.02850371,-0.28274409,0.58435548,-0.42404581,-0.23357372,-0.88261369,-0.8106307,0.42817665),
(-0.84936962,0.36283726,-0.07456384,0.81486982,0.53645802,0.26711069,0.26172432,0.84550261,-0.03097241,0.04998311,0.17774078,-0.17346649,0.31255013,0.81263257,-0.36576491,0.90107439,0.48080465,-0.66373152,0.13282779,0.98628398),
(0.19335927,-0.24677819,-0.66078514,0.60316679,-0.48648101,-0.10880414,-0.89682825,0.70394285,0.13781737,-0.5618336,0.23325714,0.38276149,0.67698376,-0.17688101,0.37368609,-0.66849312,0.04465502,0.37131689,0.53139462,0.78191303),
(-0.96068809,0.92747836,0.78272922,0.72156637,0.08105358,0.63942069,-0.28682437,-0.12063297,0.03662234,-0.68912232,-0.52044536,-0.09537265,-0.21778203,0.41271913,0.15983414,0.03345836,-0.00648148,0.83552746,-0.85844969,0.4153826),
(0.6536287,0.54916332,-0.63979968,-0.37055664,0.18596452,-0.11884925,0.54185289,0.50048145,-0.85151847,-0.75360776,0.5821674,-0.86044557,0.08547468,0.52055524,0.76186753,-0.08764457,0.66039758,0.61573872,0.39124695,-0.88120294),
(-0.86816054,0.21167444,0.49240293,-0.85882646,0.12040204,0.72861676,-0.92333899,-0.35598203,-0.68633641,0.02336002,0.41129341,-0.12016665,-0.88740412,-0.60950719,-0.24824598,0.54654188,-0.96644758,0.01980491,-0.40468815,0.71333979),
(-0.03180592,0.75889368,0.28031085,0.81504525,-0.91841684,-0.85488698,-0.89159618,-0.68658504,-0.18170717,-0.99516766,0.47575267,-0.06586698,-0.55826897,0.35663399,-0.89754623,0.82818066,-0.47188286,0.4031901,0.32129633,0.25586501),
(-0.63033408,-0.29595253,-0.42698034,0.22681754,-0.50668152,0.14381226,-0.32570612,0.46323696,0.37734724,0.04820729,-0.72316446,-0.9486888,0.45719607,0.63253781,-0.40325148,-0.31584777,-0.71619775,-0.89145553,0.16119624,0.08993988),
(-0.18815188,0.36144993,-0.6911755,0.49995303,-0.57250438,0.57836771,-0.40765897,0.18884447,0.55549519,0.14543845,-0.98901948,0.1217373,-0.42619804,0.39963895,-0.27484026,0.71586458,-0.9340589,0.68688294,-0.83474518,0.5080972),
(0.72611997,0.1435898,0.72593549,0.26119859,0.04631104,-0.29696703,0.66106331,0.19598198,0.33860702,-0.89373261,0.47703514,-0.47147561,-0.88361336,-0.5968017,0.06585942,-0.82177883,-0.42137235,0.15564027,0.68195608,-0.02052653),
(0.34890548,-0.45355369,0.66837702,0.98914646,0.48369548,0.26628024,-0.57502005,-0.43069577,0.19762534,-0.15085698,0.62157337,0.65282345,0.30098387,-0.79576001,-0.83852936,-0.90809647,0.78773234,-0.6929159,0.88401902,0.6924177),
(0.88259137,0.10368278,-0.67292554,-0.66826517,0.80703428,0.61021739,-0.16787819,-0.43025945,0.94946987,0.57975488,0.12944303,0.8452866,0.17032186,0.57312555,-0.75678815,0.79248621,-0.67379105,-0.04001371,-0.59785416,-0.65874499),
(-0.15563154,-0.69681453,-0.07120919,0.36042184,-0.89492741,-0.01943623,0.36069349,0.48299292,0.09088825,0.09700071,-0.88863596,-0.48863288,0.17760647,0.91700974,-0.33171839,0.90836584,0.97795734,0.15574815,-0.6766537,0.17684398),
(-0.19168689,0.60404236,-0.13316213,-0.61241735,0.66295722,0.46872173,0.58303899,0.13635107,-0.34751172,-0.39387822,-0.35380719,-0.39228126,0.77250403,0.43631571,0.5119648,0.19537318,-0.73739524,0.15543997,0.73721256,0.18122412),
(0.57786023,0.75043323,0.50715842,-0.89072909,0.75191558,0.12487103,-0.02721357,-0.38397412,-0.66170317,-0.01214248,0.86722941,-0.72200396,-0.66736944,0.80704579,0.51134263,-0.80024841,-0.06540085,1.01355825,-0.24598304,0.00578423)))

Matrix(((-0.29645601,0.53807389,-0.83562864,0.76559478,-0.89730454,0.00917863,-0.41712569,-0.77316335,0.74274986,0.82978937,-0.97208163,0.77642631,-0.70550696,-0.92329217,-0.34350702,0.69127321,0.01804242,0.77491127,-0.90323492,-0.25528063),
(-0.04153933,-0.26401858,-0.43460568,0.80565842,0.65182822,0.23345995,-0.33491719,-0.74748797,-0.31155527,-0.10394587,-0.2436038,-0.5390974,-0.39024526,0.71413753,0.29590823,0.28471893,-0.95171586,-0.62631378,0.85946914,-0.44817429),
(-0.39819658,0.9211936,0.63949125,-0.03294861,-0.79014029,-0.22340577,0.22608674,-0.51333859,0.062809,0.78389379,0.79157959,0.25295107,-0.14439741,-0.69718961,-0.87417043,0.33562288,0.90419952,-0.7218589,0.19668737,0.80856145),
(-0.43638218,-0.17037934,-0.06227437,-0.17079368,-0.48494071,0.29350659,0.16331097,0.30133364,-0.5203785,-0.50137756,-0.36324482,-0.51211548,0.71347498,-0.65925687,-0.61751793,-0.50253101,-0.40549131,0.48132092,0.97014751,0.4217275),
(0.45868182,-0.6594533,-0.07951331,0.48106153,-0.35582007,-0.6188778,0.47661009,0.14206363,-0.51967643,0.4401232,0.58670394,-0.11463975,-0.65224734,0.32963523,-0.62371705,-0.71665524,0.78672934,0.65948254,0.06344053,-0.05227771),
(0.19728847,-0.88054821,-0.10447287,0.13727332,0.28201392,-0.91979185,0.6427452,0.22381551,-0.55383822,-0.84929463,-0.68603637,0.56557117,0.23770277,-0.49951901,0.80796807,-0.5808289,-0.16293625,-0.43276657,0.85516287,-0.56617758),
(0.02726757,-0.45508492,0.25085785,0.166977,0.28877856,-0.90590348,0.53992121,-0.35245515,-0.27177566,-0.36416588,-0.30383772,0.43165867,-0.23130288,0.45785357,1.01864442,0.37278757,-0.82411492,0.21249484,0.20149051,-0.76550039),
(0.95127221,0.84679158,0.26735136,0.30235331,0.43652318,0.12842632,-0.95385177,-0.10246559,0.33462918,0.45255957,-0.14851961,-0.51073319,-0.57178926,0.64903385,-0.9033441,-0.29148705,-0.72244796,-0.74253596,-0.51280314,0.90402188),
(0.53831597,0.27692856,0.68565047,-0.83218912,-0.44833083,0.78163237,0.05174227,-0.43137256,-0.92196098,0.3936203,-0.5796486,0.47566458,-0.93652929,-0.58192205,-0.50763688,0.2353705,-0.26300369,-0.46690492,-0.76596543,-0.15875992),
(0.19136141,-0.55861905,-0.84835556,0.44321795,0.99043209,0.17158747,-0.87832243,0.66816541,0.38799866,0.82210293,0.53490974,0.81562374,0.60410905,0.47189116,0.20764316,0.55065123,0.02706125,0.70095645,-0.72146277,0.20508259),
(0.46343743,-0.2696221,-0.33787092,-0.54482195,-0.44907671,0.09816053,0.67395276,0.40653603,-0.32129946,0.03821881,-0.50064102,0.68446496,-0.32098853,0.26781348,0.81513696,0.41885518,-0.15779326,0.32065156,0.48604379,0.10489724),
(0.06192167,-0.22807669,0.31811219,-0.43879653,0.03289636,0.16538853,-0.3709434,0.73357533,0.6045017,0.09971987,0.75022194,0.94293244,0.53952892,0.0449859,0.94306503,0.46556043,-0.86271288,-0.00984418,-0.65169339,0.74848488),
(-0.84716014,0.78968588,-0.13500145,-0.36511169,-0.73535527,-0.18498666,-0.52898532,-0.16613066,0.09222853,0.50623549,-0.40491372,-0.71428102,0.18126855,0.91867054,0.23838927,-0.88019871,0.43515367,-0.28643312,-0.62569582,-0.62833468),
(-0.13673661,-0.17148625,-0.30917745,-0.29767081,0.89984382,-0.47725062,-0.4776638,0.5378465,0.08990416,0.6718483,-0.61864409,0.71382399,-0.41107869,-0.6311129,0.89180581,-0.54330023,-0.30984807,-0.41167263,-0.10643272,-0.78857086),
(0.67422644,0.04467778,-0.90785591,-0.57120519,-0.4903335,0.21842056,-0.73745081,-0.86012903,-0.69466812,0.84018907,0.44823897,0.52410357,0.6309617,-0.59852459,-0.26151383,-0.06744106,0.31277364,-0.45858343,-0.31290938,-0.86061992),
(-0.15111546,0.57783991,-0.44336862,-0.71336769,-0.85838509,0.28407313,-0.57627469,0.86424599,-0.44848387,0.74025626,0.93158059,0.5205231,0.72909566,0.32705819,-0.54490026,0.76608579,-0.68592483,0.47019116,-0.04553472,-0.84033307),
(-0.48359492,-0.25997797,-0.09406444,0.33335342,-0.27538348,0.520234,0.67672742,0.40384056,-0.20068442,0.39684824,0.75196064,-0.08116376,0.1586101,0.44565267,0.17758958,0.08405278,0.23402508,-0.24552344,-0.73391044,0.39976433),
(0.0684575,-0.50356117,0.2834408,-0.42825929,0.98970362,-0.54068204,0.44518791,-0.35652389,0.90245646,-0.15904152,0.33871293,-0.23183196,0.64622633,-0.26350508,0.14959144,-0.85397631,-0.16931403,0.63412837,-0.6348122,-0.05128925),
(-0.22858351,0.40963582,-0.46280569,-0.49077133,-0.57343007,-0.43430585,0.53434347,0.41736246,0.03786453,-0.75731379,0.60239703,-0.78514264,0.10289952,0.87463031,-0.31375528,0.65751645,0.31881882,0.08946532,0.25016357,0.85511467),
(0.52512074,-0.80325467,0.4161175,0.24394454,-0.37184536,-0.96035915,-0.33306207,0.01217463,-0.61829167,-0.37430707,0.73284939,-0.08905638,0.61361267,-0.92932062,0.65349952,0.63431984,-0.64361213,-0.76730982,0.3666038,-0.56224859)))

Matrix(((-0.56244663,-0.8242309,-0.85407462,-0.14027958,0.82122151,0.66305081,0.55714926,-0.59524479,0.44955461,-0.91253102,-0.0968412,-0.10113271,0.96471779,-0.86467289,-0.36589653,0.64791146,0.54543859,-0.13342706,0.53775728,0.864338),
(-0.38698055,-0.21736325,-0.28481693,-0.71885467,-0.80083554,0.17932255,0.12852256,0.03290327,0.28992917,0.06716079,-0.19632079,0.57105576,-0.935329,-0.59182095,0.428072,-0.26564254,-0.94207626,0.54135487,0.54399229,-0.77270264),
(0.46307498,0.732613,-0.26628784,-0.74576851,-0.8602171,-0.70454649,0.28955526,0.69738878,-0.82830056,0.65053561,-0.87340679,-0.21720096,0.6495456,-0.76747961,0.14357317,0.50401851,0.80545432,-0.6379034,-0.53694432,-0.76545243),
(-0.08014807,-1.01918141,-0.14668787,0.54450425,0.70395488,0.32914583,0.55257416,0.32216824,0.05580845,0.13072631,0.22960439,-0.61466128,0.31863586,0.7643272,0.02429778,0.31783396,-0.58545912,-0.93051752,0.42339231,-0.9012399),
(-0.18991423,-0.60685055,0.83241454,-0.52850064,-0.07765191,-0.84295141,0.20691216,-0.12040668,0.70308549,-0.54679498,0.51787088,-0.64564291,-0.10344162,0.46058654,0.15571327,0.15384967,0.17740062,-0.68747748,-0.63088659,-0.4690199),
(-0.49662946,0.62373309,0.35381012,0.06629896,0.39882341,-0.72465575,-0.35907288,0.12369849,-0.58002793,-0.36181578,0.32972633,0.76103643,0.14743901,-0.02044887,-0.98893238,0.67361461,0.02318527,0.7339258,-0.64502595,-0.16362404),
(0.16228946,-0.97433829,-0.14893252,0.04599122,-0.38049142,-0.57214457,-0.57718285,-0.68774372,0.65347912,-0.86991338,0.37874639,-0.29516431,0.59583153,-0.85222511,-0.29553058,-0.14950268,0.41346066,0.59341863,-0.18588445,-0.75931775),
(0.61665487,-0.06662072,0.25020059,-0.96079,-0.76296819,0.05287216,0.25137509,0.39573085,-0.58718086,-0.25235484,-0.47916853,-0.681077,0.26551609,-0.94967006,0.08946942,0.14880125,-0.29360752,-0.62481556,-0.86461503,0.42382446),
(-0.89913262,0.66324701,0.20024436,0.7540272,-0.02914383,0.33340856,-0.47387699,-0.5906164,-0.04900875,-0.48294526,-0.98025995,0.74375391,0.57940771,0.92222904,-0.81587189,0.5365079,0.51778875,-0.65756999,-0.78047945,0.91502752),
(-0.70250723,0.80683794,0.78601065,-0.01070021,-0.24812228,-0.17044723,0.82951964,0.31947515,-0.40014261,-0.48344552,-0.31777352,0.53466809,-0.88088143,-0.53319972,-0.44564333,0.02485928,0.04407149,0.32537689,0.15764618,-0.29528573),
(-0.01717996,-0.13112091,0.6247878,0.94564163,0.62103456,-0.61517065,-0.63974675,-0.75854892,-0.31006023,-0.04405109,0.70877472,0.43643377,-0.22118889,0.95983579,0.17140469,0.87218397,0.50225158,-0.18686815,-0.5868303,0.58369126),
(0.78338929,0.57835907,0.40879602,0.1304066,-0.68174819,-0.57834465,0.49130687,0.12695959,0.85589987,-0.79788195,0.4163199,-0.07557504,-0.15953176,-0.56283145,-0.97833346,-0.78882966,-0.27518998,0.86885679,-0.81480344,0.25435067),
(-0.37395911,-0.01861936,0.5294833,0.65441129,-0.56346372,0.66681239,0.86064607,0.54598538,-0.93975751,-0.87373516,-0.39833991,-0.15907229,0.32814438,-0.82243023,-0.93847722,-0.44223336,0.79501395,0.00243987,1.02529565,-0.55714981),
(-0.43434767,0.5479223,-0.9786994,-0.51695117,-0.69982093,-0.39689418,-0.06738457,0.15916294,0.44007239,0.63296137,-0.63131479,0.72520214,0.26894141,0.34511103,-0.24658565,-0.24029238,0.80219843,-0.19552842,0.48928162,0.4479251),
(-0.87057578,-0.2946159,0.08189623,-0.57661926,0.80193396,-0.29279458,0.17168913,0.35019919,-0.24756858,-0.84863405,-0.57885596,-0.46800397,0.77060649,-0.83134507,-0.66896938,-0.17091263,0.0781018,-0.61287746,0.89608824,0.75002698),
(-0.87896979,-0.77406593,0.84549328,-0.62777796,0.4936375,0.81676144,-0.08636075,-0.11861184,0.17605632,-0.40472954,-0.85367561,0.67515034,0.22301502,-0.87566482,-0.38755036,-0.44908623,0.06637983,-0.38730081,0.75599587,-0.83451795),
(0.15817326,0.38877588,0.06563998,-0.8810122,-0.58559616,-0.75909598,0.93972195,-0.44641626,-0.34010663,0.57735405,-0.12283101,0.64407245,0.23069741,0.3913743,-0.46004754,-0.35851503,-0.64195076,-0.1180349,-0.05678446,-0.79675719),
(0.67392598,0.46040154,-0.86996956,-0.6246887,0.25528019,0.26495447,0.24086282,0.81931105,0.72985374,-0.08714982,-0.27521748,0.23718165,0.75432341,-0.68795681,-0.38351252,-0.55987231,0.23524396,-0.64557899,0.89085201,-0.40116322),
(-0.30521314,-0.1002684,0.15045111,0.62354254,-0.50513832,-0.20118167,0.48152893,0.71681699,0.70990957,0.8203546,-0.45535028,-0.0417928,0.53372651,-0.68628542,0.16804386,-0.82079749,0.49616458,0.86484692,0.66063069,0.83333965),
(-0.30314222,-0.30682853,-0.54374688,0.54174819,-0.10139954,-0.34781145,-0.16965032,0.45610795,0.09619856,0.1013422,-0.70690127,0.77587804,0.50018197,-0.45089936,0.07703707,-0.96905323,0.75188302,-0.12069988,-0.38184605,0.9979776)))

Matrix(((0.0143754999,0.525269934,-0.612271077,0.00390398074,0.63762793,0.721450216,0.902607129,-0.704811573,0.0131423207,-0.035559608,0.662820919,-0.220938347,-0.321037449,0.408286227,-0.832423395,-0.830618068,-0.772560086,0.446346307,0.243208047,-0.63657702),
(0.690165841,0.921426926,-0.278903111,-0.136575389,0.0528732011,0.271580103,-0.90758848,0.841400067,-0.22678941,-0.901012052,0.899300132,0.961397169,0.782907758,-0.155177885,-0.620231986,-0.15172059,0.872267114,-0.190324058,-0.310905211,0.665945585),
(-0.790256794,0.854460287,-0.191212551,0.311483175,-0.503770443,0.757752599,-0.958145717,0.858922535,0.874592771,0.629932888,0.332846412,-0.729507182,0.355501806,0.915713109,-0.834320553,0.0803872771,0.376717051,-0.59131141,-0.651417334,-0.187408714),
(0.468058639,-0.484953554,-0.548439783,-0.85700001,0.597303852,-0.198459484,-0.823899745,-0.726497172,-0.680917545,-0.361220791,0.518106023,-0.564024522,0.878657278,0.511178488,-0.818287392,0.795717789,-0.385776417,-0.815508685,-0.517225561,-0.157098382),
(0.145165484,-0.792107642,0.338114157,-0.640527593,0.903420175,-0.439212962,0.0356857095,0.74313842,0.559419862,0.783551803,0.161769278,-0.684946064,0.0992021699,-0.267993042,0.2430832,0.769479957,0.721309105,-0.727064065,-0.542544463,0.066508365),
(-0.133697233,-0.158036138,0.914425692,0.827705412,-0.12230078,0.601723986,0.757327564,-0.975289791,-0.645075448,-0.763128974,-0.382845993,0.688741831,-0.740991377,0.101228284,0.572727968,0.576872777,0.89720282,0.741203642,0.685143214,-0.139365047),
(0.621451257,-0.752584094,-0.136669741,0.125333244,-0.677787023,-0.892323461,-0.195641812,0.444072213,0.610586986,0.227125172,0.42292341,-0.90981179,0.388946804,-0.557141111,-0.135570969,-0.414707318,0.363819279,0.329292499,-0.0432215279,-0.995157385),
(-0.206665368,0.509133457,0.60762842,-0.969179174,-0.514590505,-0.703889754,0.122646648,0.757170602,0.124767622,0.127886466,0.387748495,-0.0187936446,-0.425007884,-0.488110414,-0.4745283,-0.213783813,0.126390206,0.266568017,0.592648829,0.329318823),
(-0.207615441,-0.276262191,0.596378392,-0.157367948,-1.24700288,0.941359977,0.196311692,-0.225106589,-0.0598504689,0.368448433,-0.310396277,0.197463403,0.614962652,0.470506878,-0.474874785,0.763584655,-0.700081093,-0.792537687,-0.568344747,-0.486424152),
(0.379821417,-0.139219797,0.990482027,-0.803354602,0.738430116,0.424493259,-0.849898288,-0.507139109,-0.280776718,-0.314899143,-0.0721846172,-0.237746839,0.737063711,-0.368909555,0.360108859,0.118946608,0.972420527,-0.551995681,-0.484867915,0.183846755),
(-0.21151438,-0.595377203,-0.576391196,0.585956401,0.608838454,-0.385689576,-0.217019999,-0.776552893,-0.256451178,-0.924277263,-0.669485698,0.378661698,0.121677835,-0.15518939,-0.627902993,-0.0894351207,0.63004772,-0.864544279,0.685323497,-0.284300757),
(-0.508277432,0.473035997,-0.341962301,0.350787065,0.129938787,0.861765555,-0.290029745,0.693562278,-0.23425493,-0.298023416,-0.101832896,0.756124978,-0.0292766283,0.496883942,0.128965208,-0.373330992,0.824444791,-0.505615437,-0.0775348577,0.0961073592),
(-0.811228281,-0.616421267,0.524683694,-0.0440603396,-0.158937493,0.564125604,-0.510422015,0.319318021,-0.487386538,0.703739906,-0.44043216,0.703320235,0.732577387,-0.293821933,-0.453451097,0.365139978,0.367945464,-0.845581396,0.830810447,0.561377142),
(-0.572712308,0.534874268,0.513518994,0.136532198,0.369390199,0.673491548,-0.783943378,0.559324406,0.944075814,0.553295905,0.470168931,0.770027735,-0.297620643,-0.107082945,0.884597826,-0.599126068,-0.394259598,-0.811066975,-0.683964888,0.117760678),
(0.819859069,-0.540510206,0.922553174,-0.321751974,1.01323538,0.303436291,-0.775421598,-0.282874627,0.321129047,-0.377992782,0.44589015,0.757943466,-0.540407822,-0.932129856,0.00501638121,0.784269052,0.463851657,-0.894178249,0.809523669,-0.396615323),
(0.88098866,0.217959757,0.139784662,-0.201155192,0.4317033,0.274696075,-0.465590908,-0.631729179,0.0105731205,0.468594166,0.411978125,-0.91887968,-0.85249354,0.456028902,0.697053784,0.332279602,-0.447658005,-0.404426158,-0.227466045,-0.078770351),
(0.000924151883,-0.312163415,0.217012235,0.0851618853,-0.784100656,-0.755404448,-0.467215249,-0.979640885,-0.603958539,0.142356013,0.550830994,-0.877399862,-0.745892705,0.242751715,1.0060668,0.670173258,0.230737887,-0.901625715,-0.100027555,0.841836639),
(-0.544674456,0.38379857,-0.26981556,0.58452329,-0.0039698607,0.734142476,0.872162559,-0.82817043,-0.791231665,-0.8408584,0.272316911,0.616248753,0.232159856,-0.748410601,0.658165518,-0.133939788,-0.410286035,0.364913485,-0.206996121,0.77236207),
(-0.0814585433,-0.749075517,-0.31290487,0.289112342,0.435740555,0.248869156,-0.627646144,-0.341065591,0.776826692,-0.198375646,0.78723623,-0.138106738,0.840980611,-0.569088154,-0.00793043083,0.816888345,0.0365568584,0.823903661,-0.598833882,0.758947629),
(0.904925982,-0.606508134,0.199975908,-0.0138817742,-0.326011799,-0.542551843,0.0148701909,-0.398339691,-0.274080067,-1.03645982,-0.0162516968,-0.177085301,0.460031497,-0.383245461,-0.684068225,0.684414601,0.477615978,-0.503028525,0.512673706,0.940686184)))

Matrix(((0.63614454,0.88379223,0.27952383,0.14375241,0.06153486,0.09254927,0.90951574,-0.30621755,0.03095609,0.68043814,-0.04919711,0.42882212,0.84370799,-0.15227614,0.69849085,0.63653533,-0.30054455,0.47148725,-0.66492713,-0.87694308),
(0.207038,-0.09166207,0.61677469,-0.24348443,0.00333028,0.00357167,0.91433985,0.86852529,0.75573759,0.08649795,-0.21423088,0.40778982,0.52999248,-0.22452921,0.52910244,-0.13345621,0.90013925,0.17493802,-0.04413978,-0.89871459),
(0.70558368,-0.15165295,0.03030218,0.04833106,0.69343914,0.31501268,-0.3023819,-0.25229356,0.69042403,0.05128725,0.81221448,-0.38624384,0.10519118,0.18228451,-0.29865634,0.55176505,-0.4231289,-0.46663404,0.84521505,0.62884712),
(-0.4114286,0.22550797,-0.27163918,0.97546793,-0.61358236,-0.49361412,0.7698283,-0.03494708,0.22632306,0.13766213,-0.1427764,0.55182817,0.60714255,0.96436153,-0.27626275,0.09979947,-0.68921701,0.13303071,-0.77068428,0.843518),
(0.66878443,-0.56097061,0.24950134,0.75462941,-0.58135294,0.49976265,0.2688996,-0.52357079,0.31890559,-0.59425656,0.89019345,-0.93841991,-0.8506458,0.45696348,-0.4302874,0.02156018,0.47458224,0.2111411,0.33935187,0.30833534),
(-0.50034468,0.39435546,0.10451348,-0.99221081,-0.73294856,0.81093569,0.70158981,0.06249812,-0.83706691,-0.95624459,-0.19187914,-0.35719182,0.37360861,-0.36392261,-0.49572864,-0.44296144,-0.43775442,0.56752145,-0.56915739,-0.04031796),
(-0.71859548,0.93676081,0.06325886,-0.00999852,0.57948135,0.80188745,-0.0489724,-0.57975651,-0.2816407,0.47365888,-0.52111947,-0.35963237,-0.76734432,0.18605361,0.95806707,-0.70124634,-0.3541935,0.70011713,0.3040537,0.86388805),
(-0.78417913,-0.49911291,0.43485584,0.45862646,0.25405106,0.63131277,-0.70013396,-0.40958587,0.8390527,-0.04929813,0.74523842,-0.7050612,-0.93994115,-0.35688452,-0.8402861,-0.82197872,-1.02946957,0.50199609,0.14255434,-0.86528702),
(-0.61674879,0.2170279,-0.27526101,-0.66624923,0.65684122,-0.07618562,0.01510561,0.0639719,-0.40172104,-0.63226618,-0.01202341,0.87289839,-0.51622043,-0.16519481,0.29558308,0.54781741,0.13893858,0.22917617,-0.1055689,-0.17198777),
(0.61671689,0.16441021,-0.69391007,-0.90008627,-0.71617886,-0.98616101,-0.44587419,0.0151686,-0.6580156,-0.62001851,-0.15283989,-0.15020424,-0.11550014,-0.2125836,-0.00861697,-0.27264313,-0.11371218,0.81498615,0.1965735,-0.96159572),
(0.98552188,0.28407469,-0.2227435,0.07368559,-0.16929125,-0.93508518,0.78744653,-0.00175899,-0.31965605,0.37910281,0.1047509,-0.13666662,-0.96505305,0.54753793,-0.76788434,0.34667592,-0.67595609,0.27468373,-0.08623447,0.18621391),
(-0.67568195,0.99931834,0.65599315,-0.7262212,0.33363729,-0.57268133,0.83293028,0.82299504,0.35487893,0.30417749,-0.49538337,0.64690417,0.70366678,-0.32171869,-0.03789598,-0.82565868,0.42121902,0.2007349,0.70453556,0.20625384),
(0.5142984,-0.17756384,0.82201783,0.12423675,0.27877204,0.73681198,0.32189756,0.46068682,-0.07289009,-0.07814515,-0.48106344,-0.05296646,-0.05057871,0.19340826,0.47406769,0.14548267,0.09377602,0.20899973,0.3770626,-0.91942314),
(-0.84054109,-0.47195556,-0.38160639,-0.57926454,-0.42661645,0.11547999,-0.36945995,0.79942436,-0.43757233,0.04276949,-0.58052915,0.09662462,-0.6320593,0.56092513,0.85370608,-0.64452735,-0.49057132,0.3668485,-0.03917953,0.04363166),
(-0.77156837,-0.05597642,-0.79343637,-0.00770574,0.46008626,0.38058273,-0.53460339,0.60984966,-0.37070194,-0.19951732,0.16124666,0.30399873,-0.32107735,-0.71566651,0.0468731,-0.47024875,-0.18877719,0.75098461,0.09190437,-0.31100629),
(-0.62675483,-0.8554722,-0.91436685,0.30809875,-0.26021127,-0.5629644,0.09711124,-0.1041316,0.77879687,0.1136384,0.67030174,-0.93397842,-0.69403751,-0.62029442,0.8681263,-0.17883428,-0.45841049,0.80846618,0.13573254,-0.88978515),
(0.79624664,-0.30423058,0.67864053,-0.74252989,0.99144985,-0.77267623,-0.20516715,-0.52998852,0.45749163,0.33614041,0.71155365,-0.13450022,-0.69165968,0.8845584,0.99968048,0.40630191,0.1814738,-0.51983392,0.73534354,1.0195277),
(0.12884593,0.55638487,0.86636285,0.63423242,-0.62390361,-0.85693103,0.49357816,-0.86575255,-0.83925255,-0.32871143,0.28458424,0.87953563,-0.06283381,0.9804179,-0.08353081,0.75433663,-0.90125394,-0.68695144,0.99413254,-0.76629032),
(-0.87809496,-0.42255394,0.51687063,-0.88022609,0.56947909,0.28841142,-0.24360711,-0.43160248,-0.83529151,0.56199561,0.97431574,0.20122633,-0.0610711,-0.4255009,-0.23050225,0.61704324,0.21524762,0.5734574,0.44284005,0.11609356),
(0.73786037,0.50371952,0.82185775,0.18955182,0.68224068,-0.92837347,-0.49631083,-0.13652414,-1.11985142,-0.77922793,0.95909585,0.84028034,-0.44587841,-0.36159074,-0.79264445,-0.49706287,-0.9186272,0.43413174,0.00371771,0.57147845)))

Matrix(((-0.0318902765,0.105580297,0.020397439,0.0136908871,-0.0266503388,0.0119284395,0.0396989873,0.00170290232,-0.00016332968,1.95490779e-05,0.00463197316,-0.0474398325,-0.0542667814,0.0139338183,-0.0085699323,-0.0916546451,-0.0123533317,0.021935672,0.00480265455,0.00520858703)))

#bias
Vector((0,0,0,0,0))

Vector((-0.2407824,0.41310006,-0.52560721,-0.65527914,-0.52352851,-0.42320128,-0.9212259,0.09483852,0.87664489,0.56894055,-0.50928637,0.38575396,-0.96446263,0.53493629,-0.33032809,-0.35883944,0.5379352,-0.23705982,-0.55783486,0.132019))

Vector((-0.23244243,0.76382511,-0.98983225,0.3622071,-0.43299225,0.64214272,-0.41612134,-0.22546869,0.89929884,0.67586487,0.78043334,0.86614127,-0.74148778,-0.30296078,0.42448223,0.24977944,0.66723748,-0.55765737,-0.36302387,-0.56800018))

Vector((-0.51335856,0.94655655,0.83357241,0.30454704,-0.77692907,0.03214696,-0.04194438,-0.86457162,-0.22162108,0.61126252,0.57057707,-0.76004554,-0.1758738,0.59518709,-0.49038206,0.17535761,-0.92669298,0.35894064,0.65557417,0.39881445))

Vector((0.74001151,0.42122027,0.88612242,-0.03879524,-0.13396407,0.01872764,0.04827002,-0.06481945,0.91708569,0.71244287,-0.38539817,0.44025433,0.70923653,-0.38614286,-0.68753707,-0.84509513,0.49649964,0.06783024,-0.09676223,0.58832232))

Vector((-0.65988242,-0.6544921,-0.79385918,0.21236986,-0.17627119,-0.48861899,-0.59663031,-0.62462151,0.76754489,0.26403892,0.24306137,0.31939196,-0.64936091,0.25169742,0.75324815,-0.64497381,0.29113532,0.7649291,-0.49990937,0.17244231))

Vector((0.50395953,-0.97275014,0.98390435,-0.08765192,0.04020475,-0.82014037,0.57121677,0.43538766,0.09315629,0.48792635,0.3745561,0.21907291,-0.83740949,-0.24304298,-0.18788095,0.37258616,-0.18974314,0.10914675,0.23679698,-0.16551993))

Vector((0.36414604,-0.92820882,-0.1195144,-0.12010091,0.53391716,0.99952362,-0.48444165,0.77060808,-0.90138135,-0.33704423,0.45912211,-0.00340584,0.0928443,-0.54891569,-0.75445017,-0.02930305,0.74778734,0.28308646,-0.10374192,-0.72699216))

Vector((-0.34827485))

/*print*/
0
x0
x1
x2
x3
x4
x5
x6
x7
u0
t
x2-x3
x4-x5

/*print-remainder*/
OFF
