/*plant*/
#vars
4
x0=1.2
x1=[0.0,0.2]
t=0
u0=0

#dynamics
x1
(2*sin(x0))+8*u0
1
0

/*model parameters*/
#steps
20
#control steps
0.05

/*safety-property*/
0

/*target-property*/
2
(t>=0.5)&&(t<=1):- x0<=0
(t>=0.5)&&(t<=1):x0 - 1<=0

/*plant-NN*/
#in-vars
2
x0
x1

#out-vars
1
u0

#hid-layers
2
25
25

#act-funcs
relu
relu
linear

#weights
Matrix(((-0.24300581, -0.18771303),
      (-0.2635023, -0.30369183),
      (0.14822765, -0.3547264),
      (-0.32725778, 0.23397),
      (-0.034663934, -0.19297715),
      (0.37591168, 0.4620949),
      (0.72290516, 0.6935185),
      (0.035614233, 0.26641932),
      (-0.12026392, 0.21469742),
      (-0.1687181, -0.30651194),
      (-0.43471956, -0.18382215),
      (-0.13991182, -0.16938765),
      (-0.40639266, 0.069833346),
      (0.2794092, -0.20359613),
      (-0.40474886, -0.4368431),
      (-0.34816587, -0.58015066),
      (0.078243285, -0.34544688),
      (-0.36376315, -0.39287278),
      (0.65687895, 0.18937173),
      (-0.18364927, 0.15440081),
      (-0.31043538, -0.1321834),
      (-0.075917974, -0.431003),
      (0.42164168, -0.025597269),
      (-0.51295847, -0.6785275),
      (-0.08457779, 0.15043154)))
      
Matrix(((0.06736352, -0.054221928, 0.14573893, 0.21674804, 0.22926371,-0.11144064, 0.56496286, -0.051181093, -0.029683724, 0.101444095,0.23500058, -0.33200395, 0.13734889, 0.16914947, 0.3210026, 0.15800847,-0.18926466, -0.3140221, 0.03552623, -0.041124985, -0.21540648,0.2443727, -0.2663676, 0.13420328, -0.0056910715),
      (0.29358, 0.335715, -0.29688412, -0.023120252, -0.27223855, 0.12862083,0.12963074, -0.1519903, -0.3358435, -0.17085306, 0.21234931, -0.33335564,0.17563698, 0.055244952, -0.15492576, -0.25028113, 0.17258805, -0.20333636,0.04692948, -0.12291502, 0.109169446, -0.0052339435, -0.27182668,-0.071134135, -0.19691132),
      (0.020197533, 0.21657449, -0.23129782, 0.08048371, 0.16009516,-0.10221124, 0.17048728, 0.060404517, -0.2037214, -0.04220578,-0.06663447, 0.0204041, -0.08222041, 0.26648366, 0.19941193,-0.18592337, -0.23602656, 0.11597788, -0.19458622, 0.07056742,0.045726553, -0.29012588, -0.002174437, 0.32552445, 0.3187216),
      (0.082236625, -0.3030344, -0.063452795, 0.1350153, -0.01830588,0.28009853, -0.3521821, -0.062579855, -0.05898403, -0.32436004,0.3200336, -0.30793977, 0.078047775, -0.027486399, -0.32308355,0.1468046, -0.26047972, -0.1192231, -0.07806206, -0.259791, 0.05629414,-0.15848544, -0.3125575, 0.3355287, -0.27883342),
      (0.30681932, -0.0036929413, -0.12623893, -0.13524367, -0.2307237,-0.19829741, 0.5192166, 0.13625272, 0.30686393, 0.19325578, -0.28603575,-0.24670738, 0.056760542, -0.0014661982, -0.123794176, 0.29854453,0.27576956, -0.053693715, 0.417138, 0.050996684, 0.10534576, 0.25371632,0.15771967, -0.41832948, 0.12765259),
      (-0.34396216, -0.0013107919, 0.32711, 0.23731041, 0.13850278,-0.19803455, 0.2663697, -0.13582505, -0.09830959, 0.08030093,0.14046606, 0.16550726, -0.20448446, -0.08248833, 0.022319974,0.006058943, 0.0933424, 0.22577111, 0.011900116, -0.32692504,-0.13444439, 0.32170507, 0.011875837, -0.09271923, 0.14908192),
      (-0.28358454, -0.23711188, -0.00079136837, -0.20362584, 0.26582953,-0.2592271, -0.01991774, 0.30822122, 0.19844848, -0.026829455,0.028381348, 0.07485424, 0.060138702, 0.13684714, -0.18068828,0.3195603, -0.2926004, 0.017863363, -0.24776843, -0.13139606,-0.1398601, -0.16778016, 0.29812616, -0.2735545, 0.13747546),
      (-0.07720854, -0.33845526, -0.22595666, 0.1435143, -0.037368897,0.09296223, 0.34078357, 0.025028339, 0.17648669, 0.24141347,0.26630008, -0.2720606, -0.3038878, 0.28128698, 0.33852482,0.27712578, -0.22798173, 0.20975184, -0.27247685, 0.2546545,-0.092012055, 0.20716722, -0.029517304, 0.06362454, 0.28117505),
      (0.117609605, -0.2604364, 0.31300163, 0.187473, -0.12190855,0.23744231, -0.42516735, -0.11878154, -0.15641855, 0.22697908,0.2868937, 0.28480798, -0.03481593, -0.12447051, -0.32565665,0.20171566, -0.14285241, -0.16176784, -0.118763335, -0.10246782,0.22981112, 0.0186525, -0.20637032, 0.145304, -0.3039751),
      (0.1498881, -0.12266086, 0.2142176, 0.31553674, -0.30337942,0.13623357, -0.22871642, -0.08665755, -0.02001286, -0.122502044,0.32934436, 0.3179766, -0.10740427, -0.15263712, -0.08449084,-0.27235147, 0.106823355, -0.23104072, -0.2978695, -0.17957847,0.24528295, -0.020617098, -0.016241938, 0.14055578, 0.19334054),
      (0.16697764, -0.06614889, 0.18133281, -0.20182182, -0.005077167,-0.06447129, -0.3127132, 0.052113205, -0.19533445, 0.30837175,0.3148633, -0.16647601, 0.08478406, 0.033387866, -0.097019434,0.16259772, -0.18307239, 0.22876474, 0.15843105, 0.14073393,-0.13828686, -0.29730326, 0.11204049, 0.34401852, -0.17949055),
      (0.34477735, 0.02178964, -0.0691031, 0.22159393, 0.35295945,-0.34437215, -0.17795847, -0.13640708, -0.01191616, -0.0115404725,-0.27146965, 0.035558075, -0.2860557, -0.3398016, -0.033411697,0.017459087, -0.1187222, 0.19611388, -0.13308664, 0.3124481,-0.34939194, -0.07926872, -0.02674528, 0.32078218, 0.31504557),
  (0.23845023, 0.07345458, 0.07716786, 0.09820249, -0.20819622,-0.14210704, 0.051016968, -0.08046769, 0.20787472, 0.26361376,-0.0048934473, 0.049935162, 0.05207723, 0.009907799, 0.18135655,-0.1981569, -0.13176963, 0.13223806, 0.22871718, 0.17220773,0.028322663, 0.18469627, -0.14745855, 0.0015151923, 0.24030136),
      (-0.21038371, -0.33310637, 0.058293343, -0.11247556, -0.39031234,0.24017502, 0.31533292, 0.3159127, 0.21842407, 0.11105942,0.0041928254, -0.101250574, -0.04117887, -0.18811364, -0.32428128,-0.03926494, 0.18926167, -0.122911185, 0.15374693, 0.028077943,-0.14634618, -0.081317306, -0.004974569, -0.039532315, 0.24567859),
      (0.14025334, 0.00667876, -0.30073696, -0.07440439, -0.3306641,-0.066000104, 0.011656366, 0.24954194, -0.22035001, -0.3151828,-0.14028202, -0.27340987, -0.21291316, -0.3077347, -0.13274218,0.1509179, 0.3199123, 0.049840868, 0.2749248, 0.32447624,-0.28636783, -0.26805666, 0.04599877, -0.27471936, -0.32434756),
      (-0.34466138, -0.2816947, 0.16045344, -0.29124963, -0.30501533,0.21992677, 0.0017707348, 0.005627483, -0.15462747, 0.0685336,-0.13515517, 0.02662456, 0.18983477, -0.22145708, -0.1444115,0.06328061, -0.056491315, 0.30135244, -0.2328986, -0.21103793,0.015577674, -0.07385585, 0.31682074, -0.33284935, -0.1046101),
      (0.26428646, 0.11103392, -0.28124788, 0.20281981, 0.094869375,0.00014523005, 0.17683004, -0.19715457, 0.17583232, 0.14676335,-0.26660505, -0.21553087, -0.23418635, 0.12648281, 0.022805333,-0.34280673, -0.14238267, -0.11536224, -0.2990371, 0.24349692,-0.06234762, 0.046590358, -0.086483866, 0.21312302, 0.23544835),
      (-0.1350924, -0.09735451, 0.06823476, -0.2258096, -0.17998071,0.15446597, -0.16209082, 0.17372268, -0.2722522, -0.0050436715,0.14097318, -0.21481125, -0.14894606, 0.27990583, -0.3202772,0.008307721, -0.20118345, -0.19567646, -0.058188103, -0.29290184,-0.11850573, 0.14796124, -0.04694216, 0.23116007, -0.20025723),
      (0.30447602, -0.30410603, 0.17793676, -0.1935828, 0.19373716,0.24928537, 0.5210331, 0.14052175, 0.122449815, 0.08575328,0.13888426, -0.30509973, 0.2535313, -0.1470864, 0.02053314, -0.027301066,-0.10951913, -0.24077033, 0.2856732, 0.014644783, 0.13864416, 0.19051631,0.009319729, -0.3940668, -0.32366624),
      (0.33511335, -0.31478578, 0.21450591, 0.22260408, 0.14512146,-0.3351937, -0.19354904, 0.24852408, 0.23520085, -0.11799011,-0.22525643, -0.2693023, 0.09369112, -0.23060912, 0.31694263,0.23137349, 0.18503582, -0.048519522, -0.24656512, -0.14619336,-0.2641945, 0.025692701, -0.16507189, -0.25164354, 0.31505957),
      (-0.105686635, 0.001996147, 0.23894559, 0.1286838, -0.016175166,-0.0112019805, 0.09951348, 0.012887429, 0.19420111, 0.14725724,-0.11491188, -0.08230244, -0.06727273, -0.06583536, -0.23566692,-0.1812909, 0.12942831, -0.14550231, -0.19815378, 0.18831435,-0.32902625, -0.05185062, 0.20705594, -0.18633945, 0.25237015),
      (0.08708412, 0.028972626, -0.3233082, -0.19755177, 0.14713264,-0.24031256, -0.39770195, 0.07246722, 0.29314315, 0.278252, 0.34282556,-0.17500217, 0.14072447, 0.17568657, 0.06978566, 0.11654312, 0.08413791,0.1687715, -0.38219136, -0.16694057, 0.016445125, 0.18350387, -0.10727746,0.3622326, 0.32662532),
      (0.24511772, 0.041840125, -0.31656006, 0.19614254, 0.17454903,0.0033701416, 0.038926017, -0.33624598, 0.017573971, 0.034531906,-0.002782158, -0.005528818, -0.15258569, 0.31460777, -0.29216293,0.2232887, 0.11153293, -0.2772829, -0.1008916, 0.028717145, 0.2598477,-0.0328293, 0.27548558, -0.28317082, -0.042837728),
      (0.30642903, 0.26364568, 0.075071454, 0.077065, -0.14626083,0.1562848, 0.31864905, -0.16473912, -0.15438573, -0.028041018,0.010720768, 0.31344762, -0.25432935, 0.33175355, -0.09755515,-0.20805095, 0.027626952, -0.28118363, 0.26005137, -0.120776504,0.20447296, -0.31156915, -0.117419615, 0.071413755, 0.1897786),
      (-0.34193408, -0.20699736, 0.07864525, -0.016689433, 0.048451584,-0.066835955, -0.496038, -0.026754254, 0.07013074, -0.15788408,0.13860734, -0.15235507, -0.06848455, -0.11083721, 0.33908546,0.27673608, -0.29965535, 0.22393662, 0.20092216, -0.04977666,0.17214991, 0.07136353, -0.24517341, 0.1979968, -0.3019163)))

Matrix(((-0.3975703, -0.4756311, -0.13952702,0.32202107, -0.25362366, 0.3206327, 0.013880598, -0.12681383, 0.4311807,-0.3347165, 0.09568031, 0.00016407264, 0.45845154, -0.01793126,-0.0047329264, -0.30082956, -0.16589807, 0.3284364, -0.36318544,-0.33401766, 0.4524179, 0.3428647, 0.052813154, -0.12741226, 0.4062424)))

#bias   
Vector((-0.004186242, -0.0054611294, -0.009485767,-0.0056529813, -0.0024129304, -0.005285233, 0.0029061518, -0.004540703,-0.0019726625, -0.0067345533, -0.0037296498, -0.0055869026, -0.004451902,-0.008424397, -0.0031902378, 0.005506468, -0.007011025, -0.0055950247,0.0037082408, -0.004185747, 0.0052660652, -0.0063492693, -0.009366881,0.0051219724, -0.0061022057))

Vector((0.0036837466, -0.0051607667, -0.0037454546,0.005103661, 0.0030600172, -0.005517644, -0.0037817308, -0.00579587,0.006480308, -0.006961177, -0.00640755, 0.00060269993, -0.005626239,-0.0058910884, 0.0018919852, 0.0, -0.003957485, -0.005355621, 0.003662436,-0.0046598413, -0.005625972, 0.010474476, -0.0073301494, 0.0019724353,0.0020817425))
      
Vector((-0.00490048))

/*print*/
0
x0
x1

/*print-remainder*/
OFF
