/*plant*/
#vars
10
x0=30
x1=1.4
x2=[90,92]
x3=[10,11]
x4=[32,32.2]
x5=[30,30.2]
x6=0
x7=0
t=0
u0=0

#dynamics
0
0
x4
x5
x6
x7
- 4 - 2 * x6 - 0.0001 * x4^2
2 * u0 - 2 * x7 - 0.0001 * x5^2
1
0


/*model parameters*/
#steps
50
#control steps
0.1

/*safety-property*/
1
-x2+x3+10+x1*x5<=0

/*plant-NN*/
#in-vars
6
x0
x1
x5
x4
x3
x2

#out-vars
1
u0

#hid-layers
11
5
20
20
20
20
20
20
20
20
20
20

#act-funcs
linear
relu
relu
relu
relu
relu
relu
relu
relu
relu
relu
linear

#weights
Matrix(((1,0,0,0,0,0),
(0,1,0,0,0,0),
(0,0,0,0,0,1),
(0,0,1,-1,0,0),
(0,0,0,0,1,-1)))

Matrix(((0.77743368,0.73019318,-0.69689232,0.53515611,0.84718701),
(0.63621459,0.05832114,0.25496193,-0.06918784,-0.52938239),
(-0.55562414,0.82827034,0.50830517,-0.07074446,0.74643868),
(0.75580233,0.93648572,-0.00704463,-0.12174015,-0.5242409),
(-1.23328151,0.1540175,0.32540581,0.52623233,0.15639373),
(-0.21238085,-0.76500636,0.20362652,0.23505436,-0.61247535),
(-0.14591369,0.85518027,0.62282664,0.24296372,0.43881249),
(-0.19941423,0.18712154,0.26855641,-0.67795819,-0.641581),
(-0.77615471,0.76723061,0.20091123,-0.13524635,-0.66921551),
(-0.08887974,-0.14812885,0.48987613,-0.0044539,-0.36708303),
(0.25784256,0.21594979,-0.17326671,-0.22989195,-0.28908142),
(0.99297919,-0.85768614,-0.16920192,-0.03607133,-0.82372547),
(-0.56019844,0.84954486,0.91427832,-0.31515719,-0.40379028),
(-0.22742223,0.28716527,-0.21078873,0.38490136,0.35264429),
(-0.46751624,-0.79100066,0.20308519,-0.23211228,0.00230019),
(-0.37025315,0.40263222,0.45409302,0.21832867,0.84167058),
(-0.62322092,-0.20839134,0.35755668,-0.03813319,-0.88429419),
(-0.73987952,-0.82018479,-0.3600534,0.350131,-0.0083292),
(-0.18939971,-0.57515841,-0.64617498,0.61003695,-0.0175927),
(-0.32009922,-0.49341371,-0.25842752,0.03802051,0.04045712)))

Matrix(((-0.67286769,0.9150287,0.08521493,0.88866257,0.51956694,-0.93532889,-0.58417601,0.28399861,0.58431368,-0.84752112,-0.89682359,-0.61357792,-0.25298093,-0.07257288,0.88623578,-0.08746637,-0.88988431,0.74485004,-0.27210764,-0.61816359),
(0.72320701,-0.88966959,0.72269635,-0.53537875,0.7592724,0.06899884,-0.96796724,-0.78935963,-0.70911304,-0.36377088,0.11118067,0.46551519,-0.66749693,0.1239014,-0.77460102,-0.17604841,-0.8032761,0.3018234,-0.86565009,-0.75616437),
(-0.84531443,0.94222133,0.81827805,-0.51080743,0.66541515,0.43960311,-0.06128137,-0.46367817,-0.0217151,0.12267009,0.5367515,-0.89908999,-0.53744384,-0.62565586,0.2965749,-0.09162836,0.29956557,-0.35762309,-0.7007828,-0.99441916),
(-0.3229307,-0.40480865,0.69070112,0.28185825,-0.48119768,-0.7791839,-0.69980655,0.52768753,-0.97430851,0.26666694,-0.43402925,-0.63113177,-0.89558273,0.22266029,-0.0383919,0.89056402,0.52814178,-0.43141385,-0.29839582,-0.69409442),
(0.42026605,-0.09999435,0.75774577,0.42034608,-0.757696,-0.7029787,0.88671156,0.61102031,-0.62677595,0.64774461,-0.51616758,-1.03828925,0.80351263,-0.77152621,-0.86695862,-0.36444496,0.97591788,-0.12936839,-0.08278117,0.06832165),
(-0.41370654,0.73136216,0.49236448,0.90068418,0.2766289,0.49892072,-0.36299834,-0.791494,-0.02953909,0.96124923,-0.36931518,0.97633504,0.5865834,-0.13561523,0.79554245,0.41028096,-0.74935042,0.82640512,0.21622309,0.09733434),
(0.30672257,0.85400649,-0.76502124,0.05255739,-0.2322645,-0.65687371,0.6387209,-0.06048245,0.67645215,-0.75325093,-0.12789666,0.87417551,-0.25397135,0.41703702,-0.00553974,-1.27896317,-0.27104565,0.72375588,-0.26146784,-0.25121078),
(0.04703442,-0.47332079,0.01804451,-0.51340699,-0.07073286,0.77065226,0.45229899,-0.56187622,-0.71788606,0.29879012,0.47476928,-0.5262241,0.66410941,-0.02904903,0.54260686,-0.342064,0.35246018,-0.04549223,-0.12625116,-0.46095827),
(-0.58659375,0.48077167,-0.66233647,-0.71628474,0.91852229,0.93697699,0.18550203,0.84541581,0.46443397,0.36325213,0.01977131,-0.00837355,0.50766911,-0.2047294,-0.87927554,0.43808997,-0.24848366,0.26044767,-0.86139235,-0.95014647),
(0.39283183,0.91218493,0.66222301,-0.19936717,0.22766179,-0.76326083,-0.00770017,-0.35935474,0.38213383,-0.08200844,-0.67184316,-0.67621255,0.24372619,-0.80482573,-0.47508507,-0.57283919,0.72691698,0.15528555,0.77236938,0.5820714),
(-0.91665378,1.00676308,0.85602171,0.62360448,1.085918,-0.17025092,0.5380895,0.71508762,-0.93101476,-0.16941319,0.45931631,0.10079962,-0.21181364,-0.95653575,0.30213874,0.28524048,-0.4160465,-0.73745074,0.24650219,0.27683692),
(0.20494569,-0.67731406,-0.66103114,-0.66897455,-0.0692292,-0.62350858,-0.86863722,-0.48030666,-0.02228547,0.04867791,0.91006189,0.78620258,-0.28144408,0.51070016,-0.73279218,-0.07989759,-0.73305002,0.07484966,0.5721319,-0.14611533),
(0.10746394,-0.68591556,0.76747464,0.56172638,-0.31349543,0.07771629,0.65322275,0.75612589,0.94278082,0.43979695,0.51526453,-0.38444986,-0.82229508,0.61720641,0.27709147,-0.94318674,0.34530103,-0.93545823,0.25423656,-0.37453443),
(-0.8484041,0.39918582,-0.22427421,0.37828631,0.74657117,-0.8929395,0.83343144,-0.62346477,-0.77509724,0.85182158,-0.83767221,1.06835444,-0.31664599,-0.57442845,-0.23011381,0.07721751,-0.59483004,-0.05602498,0.60095404,0.6162273),
(-0.63554397,-0.90106295,-0.23486108,-0.9477071,0.48813313,-0.92146451,-0.98340869,0.51838767,0.48642755,-0.82183147,0.23660356,-0.30038392,0.09734119,-0.76958651,0.53139625,0.2031367,0.7370304,-0.06453148,0.95957974,0.64794177),
(-0.66729498,-0.85743024,-0.45709415,0.57155257,-0.11419186,0.86645822,0.64925669,-0.9366214,0.27708274,0.59548492,-0.23395979,-0.58295525,-0.07890508,-0.24981674,0.30583136,0.2988349,0.50231464,-0.95474403,-0.49969397,0.7043813),
(-0.69045045,-0.11471078,0.73576629,0.71577062,-0.78444919,0.84814072,0.50738392,0.28467831,0.18836583,0.08990149,0.92819873,0.24733347,0.29090475,0.70410696,-0.23702187,-0.26697768,-0.1612407,-0.98154696,0.28847533,-0.06549649),
(-0.56059535,0.6978207,0.48300491,0.06678307,-1.14326618,-0.19768906,0.77928825,0.13374183,-0.00275497,0.84228969,-0.43430186,1.0247757,0.02704168,0.64091192,-0.39996283,-0.27066682,-0.99953787,0.74822411,0.55792711,0.8973541),
(0.46317683,0.99753936,-0.10425454,0.65462853,0.4346082,0.18388452,-0.67971843,-0.24718091,0.13570532,-0.71207597,0.43851869,0.22788299,0.62885294,0.14360054,-0.31972089,0.21429462,-0.70107254,0.2419398,-0.33145552,0.6598015),
(-0.98522218,-0.9305276,0.41927772,-0.69564906,0.26743129,-0.82371359,0.84916936,-0.57490324,-0.1469915,-0.35528706,0.0704118,-0.77230086,-0.80563359,0.87352762,0.83785307,0.73856878,-0.4523314,-0.28256058,0.62308062,-0.80464989)))

Matrix(((0.940491123,0.591146934,0.525322127,0.925917551,0.377571798,-0.265514299,-0.772034093,-0.497551934,0.940568838,0.481823781,-0.933321856,0.173930877,0.613116831,0.16830555,0.513161608,-0.990561044,-0.947785358,0.586086283,-0.364468153,0.608403004),
(0.996853579,-0.158884922,0.614027549,0.0680275029,-0.699035992,-0.997192113,0.35296457,-0.73834722,0.0586619388,-0.56966483,-0.195523672,-0.367250368,0.556345259,0.063700155,0.686540634,0.300081163,-0.69055805,0.668504879,0.191880783,-0.806943068),
(0.974909613,-0.402105869,0.265904887,-0.0407714954,0.555122075,0.1769482,-0.938188762,-0.0435429127,0.298792,-0.966016117,0.432615274,0.972573277,-0.11504536,-0.355315647,0.5403137,0.357064922,0.667821741,-0.384304343,0.0549310444,0.396133576),
(-0.699826844,-0.900884602,0.420854616,0.587332166,-0.201897534,-0.0704522356,-0.932148329,0.802334904,0.351532151,-0.138733265,0.84267283,-0.011037849,-0.502155584,-0.190472265,0.957321857,-0.492754316,-0.610213266,0.0619262786,-0.785963598,0.785251742),
(0.916957609,-0.653071362,0.377327078,-0.814572562,0.819575598,-0.716433677,-0.233276506,-0.194873449,0.838305678,0.961326906,0.856908717,0.51034867,-0.878073441,0.75055687,-0.777281115,0.686361826,0.251156565,-0.120222468,0.154107032,-0.977227569),
(0.0609180985,-0.521647972,-0.358104278,0.761599086,-0.385912252,0.488888895,-0.845219906,-0.568477496,-0.694331715,-0.475822074,0.966841746,-0.974488662,0.251606662,-0.313583559,-0.207846118,-0.412082452,-0.323850282,-0.684591709,-0.379061289,0.0473654075),
(-0.851826965,-0.918420538,0.063296989,-0.992252929,-0.808675946,0.561666613,0.837592773,-0.664157426,-0.266054478,0.245237304,0.96573844,0.196752618,-0.951989422,0.0597499834,-0.0158786983,-0.946279232,0.204127881,0.0994511164,-0.101986401,0.420322584),
(-0.376358192,0.369586965,0.746387915,0.0230581844,-0.491167294,-0.545599419,0.907828089,0.726890329,-0.398790095,-0.433994999,0.547927368,-0.0289538376,-0.836123943,-0.439346069,-0.483810763,-0.813385674,-0.71373299,1.09309163,0.847910463,0.0545990546),
(0.79034156,-0.9899269,-0.890920652,0.356927269,-0.834334126,0.0316347209,-0.206243831,0.214374426,0.392129807,-0.950431518,0.601921944,0.607325178,-0.738568744,0.361302838,-0.926067557,0.595769945,0.468618133,-0.780992705,-0.141598458,0.293883684),
(0.669536623,0.225063555,0.00080155103,0.131495294,0.906228366,-0.120059278,-0.668128471,-0.245675319,0.774660109,0.00476419936,0.105943513,0.310617077,-0.0915794227,0.131848811,0.948762646,0.422805252,-0.00433248329,0.787127609,-0.927590237,0.532721417),
(-0.995302489,-0.242259604,-0.134473571,-0.0430827065,-1.05859232,-0.117025875,0.0169466538,0.292461823,0.0533407935,0.431971263,-0.398460171,0.742202695,0.298401543,0.279312104,0.452851958,0.566813568,1.0435795,0.257166765,0.413892925,0.299531578),
(0.280419692,-0.420900763,0.808564983,-0.358974312,-0.848075321,0.52351925,-0.138185623,0.621842966,0.625327679,-0.293883215,-0.222987181,0.835900435,0.523184155,0.231742648,-0.704070339,0.247845288,-0.423469205,-0.204852515,0.886975319,0.239083003),
(0.60636515,0.293056686,0.260366703,0.203159597,-1.09826933,1.04051756,0.490557,-0.349940938,-0.399390112,-0.943026536,0.590030822,-0.701254758,-0.040748419,0.0802320083,-0.704210885,0.65083092,-0.189711016,-0.537714442,-0.238567022,-0.0917814532),
(-0.50973849,-0.359445823,0.966072444,0.826305485,-0.567545341,0.252929002,-0.187052642,0.385317729,0.0997582903,-0.507056792,0.727929824,-0.614839826,-0.902430992,-0.045031582,0.409648198,-0.92995483,-0.772489277,-0.504907995,-0.480021767,0.679672846),
(-0.871755536,-0.892825898,0.170400679,0.365035633,-0.725165989,-0.50863058,0.729600342,-0.46756173,-0.129674917,0.325023493,-0.177811938,0.517034119,-0.524503845,-1.00897059,-0.238012955,-0.189050055,1.07354927,-0.0667326053,0.53650525,0.151780505),
(-0.473703361,-0.0199063669,0.681273035,0.893466942,0.114852577,-0.669186865,0.640798611,0.917427192,0.793658015,-0.306233733,0.738303588,-0.795326703,-0.0649339793,-0.0902018767,-0.847177112,-0.500662489,-0.151400634,-0.0133536532,-0.097590222,0.263244757),
(-0.794559277,-0.639336913,-0.0623724388,-0.801821983,0.0287140172,0.194310002,0.896397207,0.463419357,0.265188072,0.153509799,-0.950160309,-0.0926008093,0.466560235,0.930992314,-0.178319314,-0.0382063167,-0.649412317,-0.312490972,0.00108300045,0.940503468),
(-0.0325619503,0.790349279,0.0904446594,0.0220578483,-0.433398391,-0.436021019,-0.351748823,-0.628225447,0.626705101,-0.98306645,-0.454226601,-0.198443366,-0.390765752,0.391334182,-0.714018892,0.761678255,0.337767962,0.528561286,0.40620686,-0.354636112),
(-0.162231075,0.332914024,-0.641791758,-0.77974332,-0.61250532,-0.463627255,-0.419511582,-0.114445654,-0.779822305,0.436135713,-0.463661132,0.468359813,-0.00426397863,0.458035777,0.597840241,-0.438630365,0.0135747591,0.763362285,-0.815206809,-0.198398528),
(-0.237421984,0.709876463,0.268923394,0.0905237547,-0.656130422,0.195848154,0.527306692,0.256348779,-0.44429831,-0.303268021,-0.682119331,-0.483427405,0.773885201,0.598327286,0.860496326,0.198285019,-0.362808585,0.54317466,0.585773535,0.346663862)))

Matrix(((0.761162922,-0.695267267,0.891892575,0.798163675,-0.39987312,0.109524652,0.492083127,-0.0744362234,-0.367359005,-0.0191339327,-0.683640739,-0.500760329,0.807713152,0.830215871,-0.351669523,-0.23223102,0.113851091,-0.686606405,0.00690679299,-0.465275839),
(-0.52975673,-0.538463688,0.772823698,0.0896667969,-0.851547664,0.758556969,0.63988828,0.759723494,0.566838861,-0.822642131,-0.887991587,-0.356756542,0.0328745602,0.801949913,0.261482107,0.331031923,-0.502190073,-0.890136531,0.537545752,-0.668819538),
(-0.510270755,0.315907914,0.0300092259,0.8022479,0.53479747,0.115715381,0.490467362,-0.568221715,0.944800119,-0.498296734,0.403686958,-0.157923259,-0.858624647,-0.57152498,-0.407412273,0.634741048,-0.735890641,-0.320586076,-0.223831036,-0.137627267),
(0.28183407,0.125896762,0.358817492,-0.896346582,-0.830095568,0.50466812,-0.325713372,-0.997982243,0.172928161,-0.104881954,-0.827036606,0.280154578,-0.51744369,0.094122212,0.859904087,0.532532439,0.399309698,0.63435283,-0.0934814809,-0.0486899244),
(-0.210632344,-0.421982107,0.939381154,0.609627498,0.498464677,0.789801584,0.114314571,0.804345199,0.559038941,0.281203241,0.278366719,0.39449368,0.172658552,0.569418962,-0.554734269,-0.299656694,-0.0679928077,-0.166411124,-0.734292064,0.446228476),
(0.651241624,0.244609969,-0.749079287,-0.330190841,-0.104220713,0.683688346,-0.0620957901,0.360083891,0.455394887,0.418890583,-0.652456834,-0.460011153,-0.919016769,-0.611117811,-0.662240057,-0.620275044,-0.634567498,0.945209864,0.517012656,-0.738696805),
(0.775427749,0.431810817,0.498550682,-0.541603499,0.302497326,-0.738286635,-0.800086982,0.0319827869,0.30405887,0.983260589,0.328373425,0.710318681,-0.150954474,0.493778304,0.504478935,0.29300351,-0.789122978,0.210637181,0.130473868,-0.877557196),
(0.814215435,-0.437478326,0.564373105,0.659813938,-0.734453189,-0.621692132,0.744875168,-0.0443525293,0.328023505,0.859188232,-0.305183745,0.252807311,0.501303068,-0.0488835511,-0.0422967632,-0.828478296,-0.306158223,-0.375871403,0.297273198,0.0191434101),
(-0.218409323,-0.175453683,0.562860654,-0.303530842,0.0628984827,-0.692720338,0.371889417,-0.794162842,0.877559601,-0.815541007,-0.430978623,0.652203898,0.907655676,0.166517162,0.306889082,-0.434224189,-0.730507979,0.855967445,0.596116126,-0.941824896),
(0.602640129,-0.275588573,-0.618234666,-0.669058809,0.267601716,-0.942195869,-0.46534989,0.993760976,0.0701625314,0.907079946,0.661119477,-0.635615505,-0.582188516,-0.478903836,0.933151866,0.27720119,-0.352421692,0.796849389,-0.559103514,-0.727610781),
(-0.618363368,0.566482212,0.0410657654,-0.940692513,-0.803857527,-0.981830203,0.878206846,-0.413854235,-0.200306102,-0.674554683,0.540573679,-0.89595648,-0.343065511,-0.830355081,-0.308868778,0.0210467945,1.09629926,0.697307587,0.715781542,0.37361439),
(0.303973388,-0.718932424,-0.907383272,0.916487842,-0.0697119398,0.192903484,-0.108985026,-0.24278972,0.346161919,0.936897384,0.618768259,0.0780593463,0.958799453,-0.403734298,-0.460961113,-0.400298847,0.159676392,-0.341505398,0.809457838,0.0758047315),
(0.397970706,0.804139029,-0.349429023,0.360581423,0.772651942,0.218098649,-0.400118154,-0.213266958,-0.118931056,0.194013331,-0.999347807,0.403105619,-0.78317782,0.834258718,0.582830294,0.977902502,-0.50462858,-0.429008998,-0.41596023,0.0851648406),
(-0.828262134,-0.420727828,-0.730595943,0.721124229,-0.745034266,0.837846864,-0.480700309,-1.17075088,-0.73425211,-0.519545762,0.240047514,-0.654886676,0.892307591,-0.0589636145,-0.269232041,-0.753528307,-0.0335352284,0.45029896,0.451739516,0.533000934),
(0.0623591456,-0.00088414778,-0.0989650758,0.878187031,-0.114917697,0.467148887,-0.527021626,0.0905698681,-0.121592504,-0.859409677,-0.985288614,-0.808352535,-0.503311923,-0.461064894,0.170198778,0.471753973,0.338175566,0.402790456,-0.321108391,0.587372059),
(0.777133044,0.567180776,0.14454986,0.360387929,0.319095776,-0.397706096,-0.609889355,0.0182207489,0.0952854845,-0.39991757,-0.787157787,0.195667545,0.21271144,0.525940954,-0.633326588,-0.68676596,0.0953914219,-0.0149764475,-0.454637546,0.00373417408),
(-0.472668216,0.354124125,0.584046564,0.834847497,-0.829303162,-0.00885104194,0.417367319,-0.464552104,-0.209727248,0.627089648,-0.800117364,0.494594412,0.655257623,0.54434421,-0.854133912,-0.130705177,0.25656621,0.872303156,-0.65945082,-0.433215445),
(-0.525361259,-0.70037654,-0.160880799,-0.479968285,0.900736803,-0.483673953,-0.638544739,-0.904443181,-0.200463922,-0.847466276,-0.252532216,0.648888728,0.660108425,-0.957400752,-0.680879086,0.664486436,0.747814802,-0.0476770113,0.328036452,-0.744160925),
(0.64397978,0.395532512,0.0650730887,0.771236269,-0.103801995,0.465708728,-0.150829878,0.457265524,0.502697302,-0.293845116,-0.589916284,-0.547583324,-0.188975398,0.759972385,0.547358117,0.0997019803,-0.192213372,0.942397965,0.0717033152,0.797847998),
(0.0980838152,-0.743231289,0.810269335,0.836430873,-0.737426531,-0.766478498,-0.365660075,-0.905266681,0.0336072053,-0.735095314,-0.0687783477,0.446264007,0.69233837,0.596340368,-0.544806126,-0.704333633,0.180190414,-0.0254979919,0.658218836,0.57724001)))

Matrix(((0.84215044,0.33051257,0.56696968,0.2740456,-0.48075313,-0.46554182,0.31835213,-0.51870823,0.46429952,-0.16535823,-0.94449592,0.67332988,0.26767085,-0.85372338,0.6216651,0.32014382,-0.35258775,0.74506164,-0.13064695,-0.05103212),
(-0.55555307,0.36840557,-0.50422798,0.90782075,-0.74441064,-0.92098739,0.16001286,-0.96573439,0.94104557,-0.69188334,0.38657404,0.66289461,0.08321277,0.18972439,0.8577584,0.38020984,0.6022202,-0.26583498,-0.8898434,0.62862672),
(-0.83278257,0.58481872,0.10885058,0.89385275,-0.16154316,-0.40687644,0.81990322,0.34318707,0.21777108,0.07999853,-0.68239287,0.04675495,-0.37001315,0.72395473,0.34543456,0.70744722,-0.4007326,-0.52759619,-0.23793989,-0.39271286),
(-0.85259689,-0.30832382,-0.54082921,0.93321049,-0.28185533,0.11272995,0.27683774,0.91353301,0.43933122,0.87418274,0.56655584,-0.14454791,-0.68134655,-0.11609031,-0.25533544,-0.06419655,0.24935202,-0.62690664,0.37335806,0.61533731),
(0.53910332,-0.49985053,-0.98617447,-0.86531162,-0.32006356,0.93814894,0.04148885,0.16806086,-0.39449535,0.32191013,-0.21658695,0.77603802,-0.69476753,0.28725877,-0.18860862,-0.08304264,0.08978967,0.09016646,-0.83034144,0.14285179),
(0.63535405,-0.31258167,0.53327879,-0.12493041,0.40726624,0.37824942,-0.48075384,-0.5779403,-0.08195521,-0.21068512,-0.47931405,-0.78320861,-0.72609845,-0.39305376,-0.12235216,0.61220837,0.10938344,-0.48976709,0.07872518,-0.89112428),
(0.48085107,-0.34273481,-0.9563335,-0.35832011,-0.13641098,0.4357628,-0.89765827,0.06414706,-0.90394277,-0.48201892,0.18339324,-0.0086494,0.41960623,0.2148799,0.3572984,0.64953447,0.27931281,-0.38835278,-0.12684398,-0.11832979),
(0.51649757,0.85807017,-0.21379313,-0.73189588,0.15406729,0.11805824,0.45485355,-0.30947388,-0.22929579,0.69582432,0.51639416,0.28166853,-0.07027107,-0.43406377,-0.06985934,-0.61912779,0.61224186,-0.96507653,0.15232921,-0.0238967),
(0.92238996,0.51214486,-0.49491969,-0.7308297,0.56223491,0.06670842,-0.65944408,-0.67523819,-0.27656724,0.89011215,-0.65023102,0.38825932,-0.77345763,0.45071172,0.90652834,-0.94865358,0.86542977,0.17706966,-0.74242869,-0.07242758),
(-0.06715008,-0.42429222,-0.59156616,0.61189532,0.61344411,0.75144801,-0.43920599,-0.35370106,-0.42483189,-0.24600033,-0.77970173,-0.53967498,0.4017577,0.59233824,-0.29060404,-0.88637008,-0.72366569,0.92511662,-0.13425062,-0.60269877),
(0.57399298,0.21235975,0.32455893,0.04952853,0.50422531,-0.21380281,-0.4811451,0.43207469,0.63342547,-0.86543963,-0.65192495,-0.95625625,-0.64002773,0.90817381,-0.32195828,-0.71412884,0.58815363,0.69969535,-0.9746354,-0.52197468),
(-0.15486383,0.52347799,0.82948416,0.88851394,0.40385899,-0.08386612,0.09304448,0.25386793,-0.09894381,-0.63683646,0.33451922,-0.58036974,0.60733616,-0.13934878,0.79172009,-0.65716252,-0.45942642,-0.98061716,-0.5935899,0.54006763),
(0.88745992,0.72506883,-0.9861949,0.97668015,-0.1157374,-0.58350959,0.08116878,-0.41718878,0.61326504,0.15149523,0.5452442,0.20129921,0.02791221,-0.09608435,0.09086852,0.25168956,-0.87728204,0.26541749,-0.39792313,0.23755368),
(-0.9973712,0.76780711,0.4928464,-0.18021164,-0.36746484,0.51454633,0.57622637,0.27127851,0.58034587,-0.62822994,0.21949562,0.90242344,0.09687672,-0.16340988,0.49856743,-0.94096958,-0.93012136,-0.27970602,-0.21618015,-0.41745254),
(0.96253581,0.1914143,0.59934159,-0.25762425,0.23796473,0.09338406,0.73195276,-0.15939453,-0.43408425,-0.41710329,-0.59265521,-0.17523938,-0.58431048,0.68524366,-0.7502456,-0.05533547,-0.73257263,-0.77383772,-0.56984948,0.36788295),
(0.14038836,-0.86292771,0.81559788,-0.54629182,-0.80360831,-0.28522361,0.57508106,0.15306871,-0.86338152,-0.07667179,0.42936568,0.98713866,0.56917775,-0.93759909,-0.09353036,0.35688554,-0.74337808,0.08163591,-0.30778042,-0.19649852),
(-0.30705889,-0.56391325,0.94914787,-0.10793808,-0.15808194,0.40199558,0.93885571,-0.81994837,-0.89013854,-0.30604512,0.51773223,-0.17524944,0.05297927,-0.62726556,-0.85050112,-0.77042206,1.19545704,-0.16715723,0.26051083,-0.12818078),
(0.11500611,0.73881698,-0.76027302,-0.46755712,0.23105962,-0.78155501,-0.64096181,0.13881085,0.27504528,-0.36366857,-0.53668357,-0.70891953,0.14204673,0.8871888,0.32668123,-0.52787215,-0.45353989,0.03043326,-0.17276109,0.42058869),
(-0.40043059,-0.17574959,0.03793953,-0.08180721,-0.17009553,-0.98677847,0.86329882,0.69724524,-0.15142884,-0.08017084,0.67865843,-0.04342851,-0.15591848,1.00983598,0.40730328,-0.4218388,0.71112369,0.77122619,-0.49098565,0.04899238),
(-0.68185435,0.31727689,0.64394962,-0.13418934,0.52784094,0.19460416,-0.90969625,-0.7911768,0.8110627,-0.52821016,-0.57726901,0.12148161,0.44231262,-0.09403122,0.83790114,-0.65448741,0.276301,-0.70120818,-0.22346077,-0.9712292)))

Matrix(((0.03266596,0.74839451,-0.49524098,-0.71128185,-0.84162007,0.66415339,-0.20691423,0.9306631,1.00502684,-0.2476189,0.24803109,-0.45468671,0.24863577,-0.30851127,0.78005213,-0.0506606,-0.41388237,-0.65943451,0.21977927,0.55963453),
(0.4140565,-0.25272465,-0.59985078,-0.87724446,-0.11075006,0.94318551,0.58264116,-0.99705215,-0.73626933,0.7012984,-0.40851718,0.86352782,-0.93156517,-0.61400411,-0.73058788,0.86582422,-0.51025031,-0.52988633,0.32371588,0.134701),
(0.62722197,0.50662384,-0.8619803,0.26632336,-0.68403639,-0.58004297,0.28193958,-0.3785266,0.9568948,-0.54852962,-0.85064015,0.14607327,0.3565181,0.57726037,-0.71503486,-0.80716217,-0.74732257,-0.44305171,-0.1772577,-0.84369487),
(-0.36838332,-0.66382668,0.10382147,-0.96279472,-0.20250205,0.41215526,-0.38087381,-0.9030909,-0.75224498,0.59391657,-0.41258801,-0.24115369,-0.6613521,-0.4226159,0.78690484,0.19821384,0.92626882,0.90321325,0.91997246,-0.49675635),
(-0.37739564,0.03939948,-0.19237675,-0.44503661,0.83654475,-0.92197262,0.80360581,-0.12411498,-0.62359552,0.99376201,-0.53052038,0.16548843,0.18232219,0.09726776,0.3089957,-0.53285611,-0.53860931,-0.30665803,0.3112239,-0.73309094),
(-0.31004626,0.25934345,0.5002316,0.96169934,-0.00596576,0.20061304,-0.6608046,0.67055879,0.29275544,-0.43854913,-0.30820524,-0.70926892,0.07336261,0.70740414,-0.93589326,-0.93537474,-0.03481685,-0.40509663,-0.2914355,0.1339096),
(0.33260979,0.41735262,-0.025633,0.52554131,0.83646399,0.55265785,-0.39807552,0.66766285,-0.75028293,0.42130043,0.69698072,-0.49861839,0.54607821,-0.8361933,-0.02365757,0.15971322,-0.4167688,-0.20573134,0.61194007,0.08346058),
(0.72214326,-0.38720779,-0.23042775,-0.50738273,-0.81613212,-0.92559588,0.77392323,0.07135583,-0.837359,0.32928024,-0.67927124,0.45196317,-0.88744821,-0.4846038,0.78890693,0.6843963,-0.13191303,-0.39552515,0.11701795,-0.86215838),
(0.52355851,-0.46752949,-0.87718298,0.42813365,0.99675804,-0.91245022,0.2367451,0.50519202,0.33496598,-0.17056708,-0.68427125,0.01641384,0.62711899,-0.15671548,-0.25559787,0.11380526,-0.66999592,0.4991624,-0.69443272,0.97482616),
(0.75167515,0.83200701,-0.57261702,-0.72429098,-0.80713275,-0.71507129,0.36903378,0.12532071,-0.9452023,-0.0034602,0.01731854,-0.59953499,-0.23143135,0.15544658,-0.41589624,0.67976598,-0.24883245,-0.28051221,-0.0346389,-0.49780912),
(0.74247099,0.22956558,0.08774673,0.23330581,-0.37436314,0.52527615,-0.00387429,0.64668659,0.96441047,0.89760091,0.206602,0.60194588,-0.19690722,0.69872983,-0.50713461,-0.59008564,0.61188408,-0.74417448,0.43710699,-0.36714173),
(-0.65441919,-0.81364988,-0.17871078,0.88782376,0.56645978,-0.34655197,-0.67423297,-1.08235966,0.23594765,0.90770854,-0.67720606,-0.19274619,-0.25246873,-0.40429504,-0.52852216,0.24250977,0.46298732,0.24082339,0.34549125,-0.39678775),
(0.70044796,0.26396437,0.80192641,0.69732576,0.20684429,0.0941654,0.78360152,-0.15738161,-0.21369074,0.46689063,0.27090865,0.05255755,0.14060159,1.24081728,-0.22714061,-0.65193893,0.51733652,-0.27551836,0.43408279,-0.92457732),
(0.91917675,-0.61594395,-0.88742093,-0.3032632,-0.06818329,0.0444426,0.76525225,-0.49934095,0.41346977,-0.23063999,0.68788115,0.05593477,-0.40915979,-0.13203724,0.18958028,-0.42092036,0.08075147,-0.27412363,-0.98203029,0.0558026),
(0.54041398,0.55392938,-0.11298151,-0.02737961,-0.40373731,0.13523543,-0.12512291,-0.38416348,0.89482275,-0.91983454,0.56453842,-0.62978436,-0.26776,0.56964485,-0.46322805,-0.96299413,0.63572662,-0.86302343,0.43656093,-0.48795533),
(0.7500307,0.73201818,0.07562505,-0.00911225,-0.7113638,-0.42704444,0.54998463,0.78563829,-0.12212226,0.16586667,-0.47086729,-0.8392801,0.1132283,0.22967137,0.24488528,0.40301228,0.73064115,0.73432374,-0.05901402,-0.17988169),
(-0.86517305,-0.3050709,-0.7318788,0.27083207,-0.40648434,-0.12343108,-0.35430612,-0.5732899,0.37300798,0.12314042,-0.37060208,-0.00845249,0.35638344,-0.35594038,0.56133259,0.90418801,-0.60366052,-0.08974621,0.28182318,0.89267129),
(0.29358443,-0.729172,0.08189445,-0.07823189,-0.66674583,-0.17130369,-0.2647214,0.04095251,0.20414262,-0.28963477,-0.63360886,-0.93889045,0.32888416,-0.13681271,-0.79205748,0.49801867,-0.70810804,-0.84476923,0.50641669,0.83856194),
(-0.35180682,0.51966373,0.71473638,-0.04569963,-0.38084678,0.96784357,0.4974462,-0.55704825,0.43207721,0.76040164,-0.10505345,-0.04275771,0.81455849,0.4938718,0.44177133,0.51344104,-0.5332306,0.79564327,0.50371192,-0.75751265),
(0.28069382,-0.37805682,-0.60396527,-0.40694289,-0.78447215,-0.8845214,-0.80138257,0.1445416,0.12441443,0.24906027,-0.34664277,0.14935792,0.79388227,0.86978804,0.29718053,0.08417815,-0.50667912,-0.43660824,-0.9762201,0.18388967)))

Matrix(((-0.45601122,-0.32904283,0.21472791,-0.35423499,0.73265481,0.15653512,0.06928251,-0.07773575,-0.18815872,-0.37339561,0.21993991,-0.3101708,-0.80366409,0.23730549,-0.89817073,-0.29858718,0.04554553,-0.89708567,-0.66679436,0.25390833),
(-0.53684032,0.23913723,-0.30473935,-0.80324294,0.23041159,-0.53115301,-0.22911568,0.72751622,0.20877779,-0.34603158,-0.23256964,0.40846648,-0.39355687,-0.98630782,-0.88780851,0.87064977,-0.45329127,-0.38500812,-0.79581241,-0.17733207),
(0.81788248,0.98577143,0.37991581,-0.65991075,-0.94611103,0.25697198,0.72306394,-0.47434186,-0.88620211,0.68002681,-0.89821554,-0.7299325,0.61961166,0.48045105,-0.3296052,0.83986038,0.36350979,0.93088953,-0.62916459,0.27717966),
(0.83535124,0.29601139,-0.98550453,-0.2576724,-0.35491385,-0.12636302,-0.75984668,0.6479714,-0.20608705,-0.01493443,0.61124879,-1.2790356,0.12144528,0.98347096,0.26180951,0.44844741,0.2277795,0.8629503,0.32316668,0.56779454),
(0.2072857,0.07955164,-0.86401676,-0.92047675,-0.07244753,-0.47991299,-0.18794034,-0.34204939,-0.70748842,-0.89619503,0.23386181,0.12473252,0.5629728,-0.74363729,0.78395563,-0.79073995,-0.83788779,-0.24394655,0.27994892,0.52715007),
(-0.25700097,-0.53549049,0.95447206,0.41848191,-0.80400393,0.95452549,-0.15173699,0.88257066,-0.12073578,0.55603674,0.42794297,-0.02829946,0.10351951,-0.27883448,0.34679325,-0.14265053,-0.45767499,0.23534038,-0.30593027,1.01154252),
(0.197181,0.47966445,-0.82445648,0.28268272,0.14197629,-0.71469931,-0.87635057,-0.51178386,-0.24205668,-0.14665523,0.00923249,0.10165552,0.78629649,-0.61785347,0.37053408,-0.44830893,-0.59208101,0.12506678,-0.67425407,0.56307449),
(0.33697429,0.77798469,-0.33520288,-0.65187828,-0.34824981,0.02512677,-0.53726556,0.91422033,-0.45936078,-0.44007624,-0.98417832,0.38907352,-0.87861923,0.42879532,0.39148959,-0.467805,0.24819861,0.66112142,-0.22096238,0.87116641),
(0.76456226,0.71961525,0.05025472,-0.87569611,-0.09711442,0.798248,-0.58596723,0.02164755,-0.43265916,-0.33298398,0.73959586,0.60389098,-0.65360546,-0.64426598,0.59966287,-0.60753779,0.45268334,0.91539748,0.58575629,0.46692527),
(-0.82532895,0.19412158,-0.50671575,-0.18668116,0.15568759,0.29664124,-0.80243993,0.12915972,0.26746222,-0.2661201,-0.17859041,0.88842062,-0.16733628,0.9736975,0.32121033,-0.99735844,0.66872838,-0.84898869,-0.2004126,-0.49276046),
(0.07648802,0.30950429,0.02708553,-0.07387415,-0.84639282,0.28537687,0.51605729,0.9874521,0.76933884,0.58958482,0.41629731,0.73345464,0.49679715,-0.96600174,0.03987319,0.73630793,-1.04948228,0.77604879,0.59178047,0.42086482),
(-0.14310013,0.83002799,0.5617357,-0.5946514,-0.88531466,-0.06069926,-0.93322185,0.54196788,-0.58297195,-0.92261843,-0.69778944,0.20821257,0.78590958,-0.92040706,-0.33652718,-0.09300499,-0.59576474,0.12489458,-0.40957918,0.38702523),
(0.27973424,-0.13363384,-0.12154554,0.73909978,-0.39841251,0.09520229,0.7037341,-0.37240479,0.76592643,0.45333867,0.56157159,0.69161442,-1.02030244,0.60866106,0.86834543,0.01795608,-0.30449328,-0.61128975,0.11875131,0.57186572),
(0.10188469,-0.42047849,0.77296959,0.19588074,0.04487165,0.62667689,0.17155253,-0.88425289,0.42917657,0.74536892,0.93286821,-0.75026061,-0.68718345,0.71958457,-0.5070461,-0.34677755,-0.24807181,-0.55709442,0.65964304,0.48816242),
(-0.55065457,0.2637646,-0.70392916,-0.95397293,0.12376047,-0.29419895,-0.81989438,-0.91185242,0.04854228,-0.42837043,0.49513511,-0.31839698,-0.19094215,0.13250506,0.02241274,0.96715004,-0.32284807,0.4115261,-0.58071335,-0.36323267),
(-0.78604392,-0.40915632,-0.22105889,0.79885287,-0.52105229,-0.67311022,0.43702747,0.62587204,0.78363407,0.31369852,0.50294238,-0.9193003,0.50773104,0.50822536,0.48063577,1.02384175,-0.62963279,0.19352287,-0.06124109,0.03970947),
(-0.98783353,0.24405758,-0.47440175,-0.09410777,0.82593916,-0.17866477,0.31661624,-0.17585435,-0.00570839,-0.53622675,0.0471564,0.15081479,0.05314941,0.03902953,-0.49166293,0.64572207,0.38505285,0.17259215,-0.81269085,0.50378611),
(-0.88169339,-0.90493161,0.2129204,-0.88394765,0.64903892,-0.46178029,-0.79176006,-0.23167366,-0.46674025,0.24390788,0.44570993,0.43119601,0.51954678,0.17180894,0.69116952,0.34299045,-0.1534718,0.9369883,-0.69194516,0.14563105),
(-0.38001998,0.98921979,-0.82624066,-0.78746125,-0.11068503,-0.05181614,0.66314751,0.0462735,0.78130965,-0.84975247,0.08919213,-0.57104511,-0.50809273,-0.61853395,0.07630884,0.48337673,0.3559379,0.16348685,-0.64481391,0.90537141),
(0.54466853,-0.5864717,-0.57369667,0.99685058,0.96116571,0.3715452,0.28322842,0.78430083,0.37122258,0.93351175,0.37813493,0.09382838,0.37487876,0.00688293,0.82027227,-0.26296187,0.17753472,-0.80039942,-0.7825189,-0.72536457)))

Matrix(((-0.224307391,-0.388867356,0.367819037,0.738265357,-0.0899967048,-0.612136685,-0.451333208,0.232478132,0.765900202,0.291160511,0.99324389,-0.455055945,0.0404605374,0.943339639,0.427960738,-0.562578887,-0.0385973027,-0.296830354,0.376549304,0.56874112),
(-0.500294484,-0.963955734,-0.397474813,-0.928261438,-0.941299374,-0.264023139,-0.85766948,-0.392487663,0.348588132,-0.125363579,0.582547172,0.551634841,0.790905256,-0.348830572,0.447674751,0.662992362,0.544542816,-0.323864576,-0.34867892,-0.0842741981),
(-0.270495147,-0.675585183,-0.279096004,-0.813417545,0.273636768,0.412991073,-0.6831014,-0.821562465,0.185572896,0.225210135,0.66195014,-0.337177171,-0.339732818,-0.198120651,-0.310880636,0.148459705,-0.615069601,0.909240716,0.237911511,0.713687034),
(-0.201884918,-0.112021073,-0.623605342,-0.246571145,-0.881082426,-0.681152726,-0.900959408,0.0430516098,-0.220861256,0.47496483,-0.0287743416,0.206149403,-0.324537986,0.566495802,-0.934498348,0.181557072,0.383244114,0.50101082,-0.796898552,-0.253844563),
(0.852601519,0.533540059,-0.633463174,-1.02227524,-0.661718915,-0.350453139,0.361767496,0.650583066,0.157590239,-0.393441106,0.704639284,-0.631970272,0.248195083,-0.36528849,0.687231696,-1.14751219,0.53338201,-0.332129544,0.169668024,0.470415443),
(-0.00905413872,0.36251187,-0.447542772,-0.976408951,0.369480971,0.323007272,0.563511625,0.527853245,0.67766937,-0.914064573,-0.322153101,-0.8250823,-0.741005535,0.964456665,0.541795313,0.171308022,-0.733790758,0.262496275,-0.316428012,0.169245899),
(0.218374009,0.429073456,-0.290347557,0.564371082,0.109134625,-0.425105144,0.614730393,0.895278616,0.810628367,0.671015061,-0.590135439,-0.382169237,-0.248997898,0.860343676,0.0192932736,0.265816125,-0.143807761,-0.168908582,0.33931682,-0.798248547),
(-0.990383073,-0.080438244,0.0715233962,-0.345509848,-0.987928333,-0.356138215,-0.469892814,-0.332905454,-0.0032220893,-0.261383641,-0.0112858643,-0.538243192,-0.625237865,-0.268541025,0.413926558,-0.00380047435,-0.916296268,0.152999596,-0.409395518,-0.17521),
(0.175457529,0.838536815,0.981665956,0.634952659,-0.423829695,-0.68916641,0.791798794,-0.220523235,0.0584539005,0.322678613,-0.937582081,0.818374104,0.62105338,-0.310175221,0.582347815,-0.880752742,-0.548507487,0.919001057,0.360855934,0.849416454),
(0.554924845,0.977886839,-1.02397881,-0.721576605,-0.24739048,-0.261192584,0.215972176,-0.69917424,0.80126443,0.791439836,0.548537112,0.873768692,0.544612117,0.332576907,-0.339008609,-0.00864901134,0.349638266,0.18541577,-0.0243159348,-0.705482374),
(0.314366368,0.865202231,0.419064031,0.352073173,-0.707013933,0.794900354,-0.971198323,-0.332591159,0.153792969,-0.451801868,-0.466912723,-0.936242319,0.350236269,0.435369773,0.827350284,-0.884855448,0.744069743,-0.698844207,-0.209998551,-0.224769182),
(0.0566293871,-0.0769533052,0.637943296,0.678155484,-0.850894815,0.655592029,-0.311942502,0.107357657,0.313086815,0.995796954,0.276926703,0.187294087,0.845296599,0.624440307,0.155795825,0.789542138,-0.312120918,0.63736599,-0.392842904,-0.45474942),
(0.651546323,0.809844339,0.731203481,0.396530359,-0.0786445057,-0.374927489,0.0673294706,0.10058789,0.2147389,0.668706763,0.60549259,-0.912364956,0.540118758,0.171219078,-0.4257094,0.245627301,-0.95027637,0.434602054,0.455448934,-0.506173674),
(0.924867539,-0.227096693,-0.654745262,-0.801666856,-0.259845721,0.238379901,0.255525154,-0.67915791,-0.0368634801,0.582687375,0.353057215,-0.150194313,0.108874154,-0.64784477,-0.469646546,0.400336139,0.685345662,-0.769781169,0.597196936,-0.38648829),
(-0.372527087,0.206033105,1.05296575,-0.21340383,0.649610684,-0.375083412,-0.106525399,-0.765821061,-0.425086801,0.313225416,0.344050834,0.0431625579,-0.936521995,-0.0147100201,0.780222669,0.0891084079,-0.0522701821,-0.622651188,0.596719737,0.819243726),
(0.594170115,0.120638017,-0.118198418,-0.273671812,0.0750713121,0.899975417,0.622211288,-0.202899132,0.205179477,0.0873460385,-0.525316543,0.680678843,-0.810627285,-0.913820079,-0.267797621,0.246879671,0.820928038,-0.405979421,0.0282399836,0.00499669266),
(-0.429648404,0.691679511,0.806283269,-0.363246421,0.634163091,0.201606498,-0.710344021,0.662766009,-0.413428779,-0.226637341,-0.019430077,0.250059358,0.174861481,0.515201327,-0.699491696,0.674774352,-0.220171708,-0.171071793,-0.497974516,0.708294376),
(-0.970210249,-0.43039009,0.593526779,-0.257460113,-0.0790959126,-0.491903949,0.94965875,-0.629997589,-0.575129204,0.644464175,0.883402437,-0.489590639,0.837550102,0.226163036,0.88998058,-0.495731494,0.331393749,0.0388787879,0.170634865,-0.282340255),
(-0.811700491,0.326636995,-0.28969885,-0.826078702,-0.971932371,-0.780689678,0.667520132,0.00157151503,0.723984293,0.190669028,-0.517792978,0.809382472,0.686122392,0.198918642,0.301670629,-0.0501896073,-0.965104038,-0.449805255,-0.603639624,-0.0826349783),
(-0.342553958,0.204516353,0.321684366,-0.0571514488,-0.989210276,0.385251059,-0.319797678,-0.74737104,-0.612135786,0.563282641,-0.599414316,0.534601205,0.882951683,-0.54823382,0.967031957,0.554561485,0.000485726072,0.652637134,-0.438936976,0.79967056)))

Matrix(((-0.65605475,0.35083412,0.4721344,0.1348268,-0.20987697,0.11105793,0.41676853,-0.30741976,0.24231308,0.79248179,0.15829127,0.76863269,0.34951339,-0.57006531,-0.74491817,-0.13212439,0.83176142,0.15802771,0.74377114,-0.41702954),
(1.00548294,-0.93759717,-0.21036464,-0.58883215,0.19332045,-1.00021263,0.18237551,-0.53332257,-0.02019152,0.01118644,-1.00481993,0.41030353,0.90352488,-0.0720761,-0.82548024,-0.90881373,0.61738447,-0.34902452,-0.39785095,0.88452748),
(-0.81493884,-0.74278085,0.01523667,0.88705722,-0.93688631,-0.47051451,-0.24601261,0.51178237,-0.55909929,0.76505549,0.80601289,-0.60008609,-0.80806832,0.45873484,-0.88828438,0.31094695,-0.97900114,0.80574431,-0.52798959,-0.37461509),
(-0.33204414,0.52781276,-0.74205525,0.02561329,0.84006708,-0.61868313,-0.21234995,-0.54814464,-0.71173151,0.55859463,0.36578588,-0.92734153,0.79618447,0.90999276,-0.85697601,0.56208442,-0.71676653,-0.83722518,0.66315653,0.14350328),
(0.30209929,0.683831,-0.57032869,-0.4475068,-0.06050623,-0.10140075,-0.14338231,-0.10311351,0.27035141,-0.96343223,-0.85229796,-0.62279187,-0.88311381,0.52473668,-0.96864891,0.72580085,-0.03438033,0.5749498,-0.12449479,0.22332643),
(0.0191813,0.38842148,-0.56241188,-0.5417209,-0.01614357,0.47653681,-0.15504325,-0.48111087,0.60483139,0.45337198,1.00135828,0.1946533,-0.79209415,-0.86019155,0.98601651,0.57070574,0.16283352,-0.61658627,0.01417461,0.82457452),
(0.05715253,0.91323843,-0.05354154,0.90585683,0.55941074,0.19447826,-0.56058331,-0.30841097,0.33928652,0.34393458,-0.34651754,-0.01520748,0.19769596,0.89414874,0.5347779,-0.13301539,-0.42507253,0.50839386,-0.62905084,-0.14812393),
(-0.19056908,0.86710308,-0.42769262,0.37884166,-0.21484096,-0.393031,-0.0064707,0.8059099,-0.05679408,0.7396785,0.61843968,-0.29491679,-0.24445434,0.96493062,0.525742,-0.30435751,-0.16133393,-0.40695,-0.69700285,0.37598891),
(0.53781483,-0.55385142,-0.47347303,0.4157455,0.25197024,-0.41591373,-0.92026057,-0.97459826,0.88895623,0.16101934,-0.07709879,0.27311602,-0.36085545,0.21422086,-0.93337278,-0.8892229,-0.20346963,-0.58572503,0.81361125,-0.59102835),
(-0.55487175,-0.02089956,0.68044944,0.31384382,-0.44232865,-0.90161083,0.12780723,-0.73555439,0.18296174,0.26083683,0.13765141,0.70205452,0.5824855,0.89524193,-0.555286,0.63888289,-0.56657921,-0.53989973,0.98549981,-0.91565392),
(0.25008152,0.51858121,0.08179309,0.5579349,-0.48692591,-0.74927848,-0.8997965,-0.22387469,-0.54650448,-0.76139072,-0.06449714,-0.38920905,-0.36400175,-0.33871513,-0.4543677,-0.78791932,0.90460679,0.91934369,-0.21983712,0.17508985),
(0.69781434,0.02934602,0.7854042,0.16093911,0.11603036,0.3638342,0.74543025,0.68124202,0.36768737,-0.56723776,0.13167244,-0.10260469,0.25776962,0.72010033,0.72524392,-0.98785191,-0.15082939,-0.28853934,0.6536211,0.31005176),
(-0.33865623,0.23478389,0.23615975,0.00646027,-0.13261674,-0.82110283,0.72004952,-0.57346739,-0.35871429,-0.92726047,-0.64936692,-0.74916165,-0.07605551,-0.99926875,0.94412228,-0.44991529,0.67395481,0.27057779,0.90811536,-0.40642973),
(0.62687826,0.1164814,-0.49856192,0.75746262,-0.7942269,0.83562441,-0.32348411,0.8704688,0.49783709,-0.11091014,0.17448974,0.05714755,-0.41481462,-0.03343996,0.98814777,0.88554261,-0.91732855,-0.90687192,0.78768412,0.14312368),
(0.53048116,0.42840203,-0.73299304,-0.21410146,-0.22891347,0.02835566,0.94889603,0.93960076,0.99628641,-0.42489136,-0.67094958,0.46035203,0.68197892,-0.61851081,-0.23019073,0.34851866,-0.16172726,-0.44135304,0.68201251,-0.24745462),
(-0.75135504,-0.87319577,0.0927278,-0.51472898,0.94356559,-0.84055426,0.90955002,-0.24948289,-0.4605333,-0.42541154,-0.1090949,-0.40044908,0.14105191,-0.37001583,-0.41539573,-0.22868321,-0.84872406,0.74968076,0.36656831,0.618996),
(-0.6852249,-0.01442695,-0.11470877,-0.43674674,0.39779483,0.14428823,0.977242,0.96972568,0.86373927,-0.00709602,0.07524285,0.57535783,-0.85898377,-0.65724908,-0.62550519,0.71389258,-0.37237025,-0.0797149,-0.65640748,-0.26900484),
(-0.13368832,-0.51352345,0.30140204,0.80954202,0.26081196,0.61444019,-0.68456465,-0.75582861,0.39277411,-0.53043086,-0.10637222,-0.14526956,-0.39333716,0.12456915,0.39709396,0.34964978,0.84853961,-0.81011894,-0.52489739,0.36326731),
(0.44276294,-0.31461237,0.55179378,0.40535044,-0.13633336,-0.1022254,-0.99463081,0.52191494,-0.80948143,0.88935043,0.66271325,0.10078643,-0.61202655,0.31399581,0.35088266,0.21619384,0.63898464,-0.11532923,-0.13142968,0.28749335),
(-0.01813582,0.1267888,-0.18280988,0.70611145,-1.04483918,0.54889286,-0.50538,0.15872337,-0.50825566,0.92540395,0.99984419,1.05470089,0.07662386,-0.16936289,-0.77332537,-0.12114833,-0.55661565,0.51809751,-0.94987563,0.96796378)))

Matrix(((0.54664153,-0.82717113,0.62171706,-0.76173614,0.32340087,0.58708087,0.33175444,-0.81908419,0.85656164,0.70618499,-0.45036555,0.16178668,0.03591586,0.64712538,-0.94184636,0.72183759,0.87604311,-0.53888688,-0.0040941,-0.9809642),
(0.3112306,-0.11598795,-0.90314656,-0.9137258,0.87842631,-0.46316277,-0.47001937,-0.85988253,0.04043899,0.732232,-0.32458678,0.20690588,0.42566211,-0.14564854,0.42715152,0.31189634,0.19449679,0.30454808,0.85246437,0.72792122),
(-0.02031602,0.03953833,-0.17058172,-0.66888364,-0.91950925,0.64101413,-0.21232192,0.08237015,-0.07174878,0.17694143,0.64115887,0.37941382,-0.48026195,0.84068937,-0.7588351,0.7130752,0.97590394,-0.69556114,-0.80700068,0.68813393),
(-0.24387872,0.2053074,0.45097811,0.02221181,-0.672683,0.46608967,0.47790312,0.79363562,0.04705946,-0.43775261,-0.11946607,0.41698844,-0.77062799,0.05602432,-0.33472553,-0.45811907,0.52469701,0.19069128,-0.66967161,0.46724953),
(0.31208602,-0.53163112,-0.72191198,0.73453604,-0.12375331,0.20482612,0.87040102,-0.08853618,-0.32637579,-0.15495422,-0.83657616,-0.70508394,0.09933899,0.74166928,-0.15034469,0.79189556,-0.62876826,0.89447227,0.65281245,-0.74579974),
(-0.81128368,0.20375543,0.26511452,0.53252148,-0.34866479,-0.22609981,-0.06056181,-0.80075063,-0.3352421,0.40336148,0.73116874,0.31452731,-0.56219647,-0.29437838,0.25471369,-0.58241921,0.03354001,-0.27406194,-0.96270703,0.17846318),
(-0.66405477,-0.6181532,-0.50633309,-0.73009815,-0.82013528,-0.85633808,-0.30282753,0.56993699,0.97657576,-0.19151754,-0.20440823,0.44418504,-0.37564883,-0.19969518,-0.28810456,0.92833636,0.28030419,-0.16474463,0.45159132,0.98006316),
(0.38285888,0.38708573,0.67994455,-0.87015864,0.62063927,1.0111391,-0.0992264,0.24284641,-0.0525662,-0.86603586,-0.65891997,0.53799238,0.94626617,0.19584578,0.15785672,-0.17127982,0.7379018,0.87592986,0.63695439,0.73788895),
(-0.29166901,0.396126,0.67334165,0.3448899,-0.20088205,0.32196169,-0.38656076,-0.09527181,0.49372188,0.89592386,-0.99137477,0.20982068,-0.38161902,0.82303586,0.69233318,-0.54086957,0.20023674,-0.48024701,-0.76813516,0.21152664),
(0.18957847,-0.19715055,-0.09385516,-0.03558615,0.3106286,-0.54752969,-0.45784811,0.06672472,0.33991766,1.00755225,0.26573004,-0.89755068,0.89249501,-0.73402596,0.3082587,0.6367404,0.99933876,0.72728659,-0.00667106,0.53220228),
(-0.40228913,-0.68468166,-0.21048253,-0.00916417,0.133687,-0.81549085,-0.72250523,0.05332947,0.591184,0.55896654,-0.26062075,-0.60969982,-0.17887627,-0.91566517,-0.21425217,-0.27911301,-0.7416474,-0.64974819,-0.30510319,0.67233505),
(0.47253542,-0.11729834,0.9231906,-0.37303267,-0.99375627,-0.48276867,-0.62074958,0.30989822,-0.45491315,0.99165502,-0.29993545,-0.32489155,-0.9793328,-0.19792208,0.2415192,0.00304814,-0.41325871,0.74981074,0.54412101,0.23469809),
(-0.2790276,0.19210873,-0.9836434,-0.35299806,0.30270296,0.80513932,-0.01210521,0.29312886,-0.43216974,-0.02489409,-0.11731508,0.2856668,-0.37986201,0.19141537,-0.50045253,0.49534824,-0.04624125,-0.44073447,-0.42942653,-0.99860979),
(0.43691905,-0.35533701,-0.20312262,0.81820263,-0.36580531,-0.56530402,-0.82683298,-0.61633854,0.4345115,-0.74403468,0.0322477,-0.56519214,-0.68958632,0.83935859,0.45469347,0.66369976,-0.74083514,0.698952,0.64879342,-0.49744974),
(0.81888618,0.5025382,-0.02445545,-0.09932675,-0.46813233,-0.09717766,0.98966986,0.76097513,-0.63072576,-0.16762288,-0.34402582,-0.75042279,0.98816508,-0.41244838,-0.49281765,-0.21105804,-0.54375307,0.35568346,-0.55149863,-0.17935204),
(-0.80726128,-0.69747664,0.23627353,0.4972716,-0.07910359,0.82826415,-0.74619555,-0.5704849,0.66740672,0.43796697,-0.06732062,0.92242109,-0.09952159,0.09007868,-0.62719103,-0.80672731,-0.63785591,-0.51874438,0.72428274,-0.04536906),
(-0.07982466,-0.50863163,-0.85998001,-0.62949334,0.24632188,-0.61285063,-0.6803704,-0.17741272,-0.66066997,0.34307058,-0.98323677,-0.59245293,0.09043658,0.56336356,-0.40518767,-0.46921677,0.34403116,0.95711791,0.84354953,0.73107831),
(-0.74199497,0.76531031,-0.71462416,-0.83015596,0.60370686,-0.16067204,0.48859268,-0.53859493,0.90653135,0.77596817,-0.68995837,0.89211063,-0.47533644,-0.34520092,-0.41883108,0.58389003,-0.34843032,-0.49810593,-0.60748574,-0.86925862),
(0.38736836,0.52891329,0.30845326,-0.58594159,0.12232824,0.25903319,0.25442954,-0.37023539,0.44509609,0.42633811,-0.2703004,0.32578455,0.76508247,-0.80947446,-0.77472825,0.87372149,0.58117505,0.25099602,-0.88025669,-0.23714177),
(0.62189413,0.47649352,-0.56336081,0.11783132,-0.95039182,0.1701799,-0.25521141,-0.89931809,-0.73150319,0.11690383,0.50308081,-0.57215287,-0.79387786,-0.11663478,-0.4591995,0.13651718,0.09202781,0.73124787,0.03332283,-0.64597977)))

Matrix(((-0.01423083,0.01140317,0.01354448,0.03296077,-0.16435601,0.92287922,-0.03561194,-0.00923944,0.68129107,0.0012722,0.4074747,0.00430233,0.64115197,-0.12521959,-0.01475729,-0.58406422,0.97987239,0.00184253,-0.33686128,-0.03037602)))

#bias
Vector((0,0,0,0,0))

Vector((0.64244858,-0.74701603,-0.39976644,-1.00388079,0.89018959,0.53048644,0.50412068,-0.72227033,-0.30136091,-0.69523256,-0.00553374,0.61786625,0.26573759,0.37895064,0.27914044,0.46020172,0.71969142,0.2610576,-0.64175674,0.15303411))

Vector((-0.52480222,0.63650212,-0.18834257,-0.06737556,0.90098626,0.93037775,0.53251709,0.15010021,0.83600228,-0.00499842,-0.67024724,-0.34967023,-0.41093886,0.11621178,-0.86504639,-0.86204431,-0.6688975,0.89621987,0.6172793,0.42302159))

Vector((-0.11241018,-0.81956866,0.48326582,-0.93532229,-0.13004234,-0.92547544,0.95013538,0.05389183,0.81969142,-0.2334201,0.75998298,-0.48928525,0.82379947,0.78912089,-0.2057965,0.24383757,0.13449056,0.79244469,-0.57166839,-1.00176597))

Vector((0.88505263,0.27269559,-0.8188197,-0.85058377,-0.6261879,-0.93662468,0.44941776,-0.72975765,0.27185363,0.57969512,0.12692791,-0.26614017,0.64317223,-0.39151338,-0.3612538,0.56995978,0.00886613,-0.47762148,0.4633702,-0.68272004))

Vector((-0.85071912,0.18148994,-0.10799696,0.8448842,-0.81150334,-0.25185482,0.10466579,-0.75782417,0.80881751,0.26641053,0.81082329,0.25024867,-0.96133013,-0.4201399,-0.77873261,0.25893198,-0.88830078,0.34853501,-0.05854776,-0.38891034))

Vector((-0.28113219,0.43861386,0.03355396,-0.4783133,-0.01375958,0.73580442,0.45694677,-0.60168579,-0.65566026,-0.25904896,0.7411726,0.39592107,0.19170079,-0.71735342,-0.84139551,0.7323679,-0.15502639,-0.02467279,-0.07953491,0.02704854))

Vector((0.81447019,0.50443885,-0.47737517,0.23259782,-0.07417937,-0.76278769,0.09876933,0.93901865,-0.07219012,0.18192786,-0.70375829,-0.60029542,-0.67293752,-0.93450502,-0.45546386,-0.60743308,-0.22498274,-0.73069395,1.02993572,-0.02059123))

Vector((-0.73139711,-0.8561959,0.42405157,0.86340555,-0.75838869,0.30148657,-0.70786741,0.38792586,0.25122725,-0.8939106,0.59585067,0.97400901,-0.13895046,-0.29517148,-0.90996678,-0.54959418,0.13733732,0.22280316,-0.49496319,0.27658776))

Vector((-0.60800827,0.17640913,-0.83259312,0.08882942,0.6922983,-0.93632915,-0.35054251,0.41595281,0.72062176,0.00580645,0.98650425,-0.14564793,-0.46530949,-0.05409624,-0.66796541,-0.68220438,-0.46331606,0.5002102,0.2432688,0.93904357))

Vector((-0.5079296,0.45221255,-0.41555924,-0.55141129,-0.71408518,-0.55853944,0.64602516,-0.24042754,0.33102892,0.87266533,-0.14703776,0.20850873,0.93916886,-0.2706981,0.334601,-0.36383515,0.77140179,-0.40759009,-0.41414154,0.80411711))

Vector((0.16773266))

/*print*/
0
x0
x1
x2
x3
x4
x5
x6
x7
u0
t
x2-x3
x4-x5

/*print-remainder*/
OFF
